   4.0337212857495724E-002   5.7340172507014828E-002 -0.21947187877333446       0.23039724758890320     
 -0.15156531355547437      -0.14110475885632426        7.9107786769819097E-002  0.22167688010410525     
  0.12820350269062830       0.19807004252595553       -9.4447296108073592E-002  0.25414203035016836     
 -0.23081841328057529       -6.4243382133409056E-003   7.0555767684589765E-002  0.24144674026460503     
  -7.8317945819548027E-002   9.4301535694364502E-002 -0.12872977122988227       0.17775779665771904     
  -9.2518460496994553E-002  0.19674360869642915       0.10439761317268909       0.24117747558962049     
 -0.12662495327514806        2.3031734879084765E-002 -0.13861088520189604       0.18914892836050404     
  -4.9326594474122937E-002  0.11379015392214550        9.4113214742482604E-002  0.15568753720579173     
  0.22253270806999101        4.4950639002675721E-002   1.2801771015884963E-002  0.22738788764764026     
 -0.17573990829606176        1.3643184404588272E-002  0.17830429868913938       0.25072509802497162     
  -7.1430217764318613E-002   9.9514335769072745E-002  0.12622121861888139       0.17588966730042210     
 -0.11606669230518357       -9.4253110890372277E-002   2.3935189555681625E-002  0.15142000949096979     
  0.14938677047138488       -5.5884212351117249E-002 -0.13143866492941786       0.20667746616504368     
   2.7791894246243749E-002  -9.6546788747603529E-002  0.24312072353397818       0.26306150994578026     
 -0.20013196859519236       -2.6787232353783576E-002  0.17292352934681207       0.26584376553291678     
  0.22961645055478627        3.8890954091780075E-002 -0.11540966445043591       0.25991462314404273     
  -6.0096780532642093E-002  0.16796013444977501       -5.8652008121200201E-002  0.18778255470470195     
  0.18941004259947666        2.4768835915540344E-002   9.5697075382478569E-002  0.21365296559352109     
  0.28088362676393497       -3.6053430046862983E-002   3.1766865590155957E-003  0.28320584905630003     
  0.15062647474603030        4.7548236571552875E-002 -0.11139672992451791       0.19328321482569780     
   2.2181981877267710E-002  0.25927844412558032       -5.1218684461519913E-002  0.26521822250017790     
 -0.16781702130152581        1.2356203479096453E-003 -0.26656243003531133       0.31499144195119200     
 -0.13443404228460140       0.22133932271255896       -9.7001551456465204E-002  0.27653735459932638     
  -7.2966383493251352E-002  -9.2676665089171398E-002  -3.7092740553917772E-002  0.12364840789082131     
   5.8408941196707878E-002  -3.1575276660131719E-002 -0.22496648257706187       0.23456027112659086     
  0.21783119852391020       -5.2796747145058998E-002 -0.14740508852514450       0.26826514436759791     
 -0.18661516115672661       0.10824770776303295       0.11995562485230274       0.24684435691991913     
   3.7412599518954828E-002 -0.18301467410354211        4.6708977312800298E-002  0.19255077798232631     
 -0.17185191993853999        5.8860743677010857E-002  0.11984139531404638       0.21762267704352564     
   4.5458605057214531E-003  -8.0932699948562198E-002  0.16742948577787770       0.18601989000251029     
  0.16640327982736064       -6.8303505438952666E-002   9.2044686610285500E-003  0.18011147280471554     
  0.16305626954094840       0.18640851484325194       -5.1545022355526458E-002  0.25296713377889429     
  -1.4614406100334293E-002 -0.20037069941557076       0.12780329544083369       0.23810854746415031     
   3.5435415729177910E-002  0.12993991156353354      -0.17062906676287767       0.21738060568829307     
   8.8242763393333798E-002  0.22850196511687398      -0.13784253285773648       0.28107027096119780     
   8.9355060671694367E-002  -4.7829831407680899E-002 -0.24572121065665145       0.26580243228138423     
   1.9162277549302584E-002  -2.6662567673630077E-002  0.21914499959418898       0.22159110145257302     
  -2.6848270104340700E-002 -0.31539853832281756        5.8983322501630478E-002  0.32198773255684260     
  -9.9297554656806036E-002 -0.17540683301729637      -0.18205372452280438       0.27160839464678593     
 -0.17667390924500609      -0.16329446226306438      -0.14083525474346262       0.27877108995079103     
 -0.20813912965756529       0.10366463579897864        1.2700230552599924E-002  0.23287238966015883     
  -3.5415550843080651E-002 -0.12985890360110836       0.22872291016101209       0.26538983725554222     
 -0.14783864935632318      -0.20480824975031325        3.8877048819703705E-002  0.25556625429469010     
  -6.2310136322445323E-002   2.6046985119482391E-002 -0.13243174496741975       0.14865788104722857     
   1.8110364393577289E-002  0.20432394244683386        5.5814882813712371E-002  0.21258306588012524     
   6.7759278831596187E-002  -4.5791310455338225E-003 -0.15327510570386771       0.16764708866378203     
 -0.26227635741688538       -8.2132453647940973E-002  0.13791734931284938       0.30749930543593673     
   8.7288742344144202E-002  0.11350424454775122      -0.17119242113984615       0.22318015845074701     
  0.10263557466966292      -0.18073692828703905        9.9245565124683313E-002  0.23032494574258344     
  0.10428435020243315      -0.13837994946205262      -0.14354204631192413       0.22500790023836614     
   3.3984779232845569E-002  0.14744754064543095        9.6387969440235241E-002  0.17940563846965063     
  0.16157515706225098       -2.6559089973502922E-002 -0.16488685189906158       0.23237811981573214     
 -0.18960169265174059       0.13718044417282849       0.13139886604239862       0.26838952683942013     
   3.3722054272058481E-002  -9.8516515602845828E-002  -4.4972478283013123E-002  0.11342488524909122     
  -7.1031602177912143E-002   5.3033670857540335E-002  0.18010989146866027       0.20074270038394840     
 -0.15671289299090016      -0.10322254559881136       0.17806105690694610       0.25868816118310228     
 -0.22508989570908544      -0.11993997862252624        7.7317955482804734E-002  0.26651289999236433     
 -0.14390036133187570        4.8215767878232847E-002 -0.14156531324872576       0.20753990502730280     
   4.8798312125444852E-002  -4.5192537608751610E-002 -0.23246371024066451       0.24179126804056925     
 -0.21563657306019376        4.5016932946604186E-002 -0.14110806355646857       0.26160493400109969     
 -0.12112895399336555      -0.22354824740045406        1.2851940032813272E-002  0.25458046817057378     
  -4.0979148843422838E-002   3.3703475657982200E-002 -0.17544880263155610       0.18329620087772230     
   6.3115995540783162E-002   5.7805053519762103E-002 -0.22346990400763678       0.23929866506670930     
   2.4806558098448624E-002 -0.10340079558114097       0.16362407287405681       0.19514078783124572     
   8.1518238532891960E-002   4.8589126183955028E-002 -0.16129391208689292       0.18714126341649007     
 -0.10014871784369164      -0.17569875562687740      -0.15827818273511010       0.25681082832407481     
  0.19257768244901624       -8.6012521501196371E-002 -0.16121396342830779       0.26546988461347487     
   9.8011528811595652E-002 -0.20501534939989285      -0.19407935778271659       0.29883833486836675     
   3.4895569761514270E-002  0.14693475977743126        8.6916555070429922E-003  0.15127150853774562     
  -4.5913376983250834E-002  0.11550752105253664       0.23940340480946057       0.26974805993754758     
  0.15988912923810172       -6.6132420374180809E-003  -4.4211569203875742E-003  0.16008689904948051     
   8.9567849146435258E-002  0.10304273877228959      -0.16194858921529423       0.21181961940112395     
  -1.5172954537110889E-002 -0.12962455630032713       -5.7144416129305230E-002  0.14247185139599020     
  -9.3864744170629455E-002  0.17202805904290855        6.2267161503427731E-002  0.20562451871793427     
 -0.13689196324750830       0.16588217119939652        9.7144700131361547E-003  0.21529206964312267     
   7.0433897669491985E-002 -0.13541551697418722       0.11087519946026352       0.18865737736345239     
  -5.6135104761378569E-002  0.20854501815493842       0.11086561440541651       0.24276193902938129     
  0.12585907143378566      -0.24841079290562673       0.16107726606566911       0.32170532096526983     
 -0.10136713194849489        1.9662148043655771E-002 -0.14742721421710231       0.17999077475517899     
 -0.15945938507032056       -4.9954163722835579E-002  0.10410378173942636       0.19687638591944631     
  -3.5692621749814850E-002 -0.10048484001417092      -0.17220342707693162       0.20254675168239306     
   3.1655580976091321E-002 -0.12584314846605868       0.19608129021004675       0.23513070023546678     
   9.3216951587282965E-002  0.10930343900719454      -0.17764338651991871       0.22845965643038726     
   4.9824141412212232E-002  0.19813388316833130        8.6019400836559026E-002  0.22167277245324174     
   7.0450455128210326E-002   9.4336933122438696E-002  -4.9026815540705454E-002  0.12753961039920816     
 -0.15069896273790570      -0.21048807919961279       0.10431475401194518       0.27910029874580178     
 -0.10575602356225627        1.9733329840922346E-002  0.12996952855718899       0.16871816493694181     
   6.6580587137128527E-002 -0.13208215064389506       0.15027719607799667       0.21085991739376644     
  -3.6914287215957256E-002   1.0969142860680743E-002 -0.21565453393983933       0.21906589123952985     
 -0.19899894226208761       -3.5050800011047933E-002  -4.1093985532737506E-002  0.20619857722547213     
 -0.10059872567012279      -0.20684810004840062       -7.5342810111305308E-002  0.24203879675695381     
 -0.11149084569988811        4.0920956013797430E-002  0.15057507986513283       0.19177483670270856     
   6.5404712836269197E-002 -0.12214048654821485       0.17643122670592265       0.22433023129392562     
 -0.21009600509537998        1.3427329889582510E-002  -4.7255380844565022E-002  0.21576305421403011     
   4.2989593386805261E-002  0.15288860789732786        1.7592368179612169E-003  0.15882734801830378     
  0.17849242332455284        5.3049034764892519E-002 -0.14931334965695170       0.23868016603718303     
   5.1666065260904712E-002   8.6342773036720055E-002  0.20531971388842113       0.22864960456217223     
  0.20899678827104082       -2.9956302639461502E-002  -8.0754210944354490E-002  0.22604928701653224     
   1.8639975934288734E-003  -5.7108963129685393E-002  0.25328653835964110       0.25965164869683771     
  -5.4301660775179492E-002  0.14481501945989478      -0.10375556641021821       0.18623983941471162     
  0.15802603037096655        6.5093128265105845E-003  -7.1414436346783627E-002  0.17353564229577687     
 -0.14617161586095254       0.11810388880780520       -4.3428468786136806E-002  0.19287483437721145     
  -1.5443442837641350E-002  -6.2187984427230225E-002  0.24465240808833380       0.25290442091276605     
   1.7206248627053888E-002  0.10265769325799455       0.16448963878115225       0.19465738681905304     
 -0.20381265456894729      -0.26241483909171970       -2.9188167646388416E-002  0.33354624127477117     
  0.13757935804232152       0.21099302744074519      -0.14024580650429069       0.28829676312783553     
  0.11622028889024121       0.23316124587689419       -4.3426626532251891E-002  0.26411587233744266     
 -0.24884120741038057        8.8585459546255685E-002  0.17839949775497643       0.31874082096227524     
  -8.1624177490260824E-002  0.22672369234520690      -0.10763218288238144       0.26391442896066147     
   1.1601622367745748E-002  0.17449363453162894       0.18407344728577985       0.25390088642872488     
  0.21190827618997524      -0.10019852214630631       -5.5730108316695608E-002  0.24093714186712950     
 -0.20929646820088205       -6.5569695159086783E-002   9.6701095659117525E-002  0.23969876600911444     
  0.16262354337504034      -0.21587399787646411       -2.4006745267052359E-002  0.27133802468017343     
   6.2192874360067880E-002 -0.22579574845743955        6.6959364507510923E-003  0.23430004098927298     
  -4.3099986462627152E-002 -0.15063736603260156        6.7122242775998833E-002  0.17045415909739120     
  0.15498650674132239       0.13614347056901444       -7.8805153831348299E-002  0.22083050994107797     
  0.21899271480563196       -4.5705606855902470E-002 -0.10449028105557850       0.24691097681367055     
  0.19959751230626546       0.11253698943923535        7.3573753809536457E-002  0.24065917427042469     
   9.3447342393639846E-002  -2.1183338448467825E-002 -0.23938718560416780       0.25785143835111873     
   5.3256604894636420E-002  0.26610684715837996      -0.12503954447470061       0.29880429674272996     
  -3.3061084996852882E-002  0.17420628904002450        6.9510809475506266E-003  0.17745192027308437     
   7.7509705628488565E-002   7.1847018640186638E-003 -0.13076664719542594       0.15218176771947020     
 -0.15433177217590147       -4.3153012525995675E-002  0.12016895611088473       0.20030241238138605     
  -8.6987333985598478E-002  0.13754526194641314      -0.15353655633005220       0.22373861867706424     
  0.16484199408050829      -0.13164498507804806        4.1409400745963734E-002  0.21498377515239991     
   3.5550327791082699E-002  0.12159309905892648       -3.0526615548075779E-002  0.13030956143594127     
   8.4271139547509675E-003   7.2685784133638340E-002 -0.14751187275729857       0.16466326873074538     
 -0.18658217823290643       -7.6915818568110333E-002 -0.23596624886066819       0.31049802411853339     
   7.7995474601966916E-002 -0.13484406089818049      -0.22298196010185622       0.27200582594636474     
  -7.7567186220713416E-003  -3.4721110102566670E-002  0.16560638807061270       0.16938476301111302     
 -0.12187932603769076      -0.15836874683870453       0.10348389761241164       0.22504254521249867     
   1.0667680019168960E-002  -5.0239446135170729E-002 -0.13991409150164419       0.14904279367245690     
  -3.9190191129161722E-002  -5.6310406958784247E-002  0.16116923094496949       0.17516350651890089     
  0.13669937210261382      -0.18777156319868812        9.3060340949426876E-002  0.25021012237108109     
  -2.6675550372604186E-002  -4.8391607368974313E-002 -0.22502568517271918       0.23171079309968720     
  -9.3703705819142391E-002 -0.10395161846670625      -0.14329678498687434       0.20030050437695493     
 -0.15644391780647848      -0.13162591907608384       -9.3388934600009313E-002  0.22477004937711068     
 -0.11515240225244604       0.24039505613543816       -5.6159742054225067E-002  0.27240369928924735     
 -0.16685857146957725       0.10727245428251067        4.1171612093465218E-002  0.20259383989409976     
   5.8619017648005041E-002  0.13170254483652066       0.23742864405064390       0.27776628766313638     
  0.10211303301576993       -6.1456085244225030E-002  0.19738224506697566       0.23057248880320655     
  -1.7509312095385480E-002 -0.23379013079808594       -2.0951464738794411E-002  0.23537919437227389     
  -7.6527628662937552E-002  0.19763904927509507       0.21465801294271050       0.30165499211458241     
  0.20744449074279603       0.12121310488753118        5.1271823982143958E-002  0.24567180031592875     
  -7.4660935866469352E-002  0.18274888819038770        5.2103519098085076E-002  0.20417195738319305     
   1.3276595241250067E-002 -0.31029163939974391      -0.13485571618158196       0.33859006726339169     
 -0.20390865946095965      -0.22607196735509597       -2.8274393501712548E-002  0.30575597648265007     
  0.17259841473629051      -0.21914642122971381       -2.2582965832859667E-002  0.27986667728237996     
  -6.1521091422855605E-002 -0.18148422117791119       -7.0558922157974810E-002  0.20420560404285554     
  -8.2098790393195689E-002  0.12600543207993636       -6.3613834668253516E-002  0.16329207041028423     
   2.7107321187589749E-002   7.1958611017251553E-002 -0.12367388797316815       0.14562993898199303     
  -2.4942907044586640E-002   1.6431213462061930E-002 -0.18792328962689464       0.19028214885234102     
  -5.7121268549860549E-002  0.26322560540387802       0.13263290291103302       0.30023664932114952     
  0.15946045600051051      -0.10256108071588038      -0.11168622832862821       0.22004596316173253     
  0.16939672283427093       -8.9836620859517630E-002   5.7570358057918575E-002  0.20020043526766987     
   8.0992204155309680E-002 -0.23065990725797250       -9.3253537772623921E-002  0.26164852810077499     
  0.11554591848713235       0.25251487263332650        6.8922169040620485E-002  0.28612040396540056     
  -9.3062239241302705E-002 -0.17918649996162622      -0.10254403329388105       0.22645896075289210     
  0.19958117893160865       -8.6262103131396456E-002   4.4380091459135587E-002  0.22190851704768727     
  -7.0699564840851464E-002  0.11115742188359934      -0.22595180624690869       0.26155041513011373     
 -0.14593526206794671        5.5220923070218156E-002  -3.8856627292039508E-002  0.16079890716071332     
  0.12144027554943340      -0.21456809038742250      -0.11040594283966913       0.27014195925909718     
  0.13985828183738216      -0.18020361310865551        6.1179048984617047E-002  0.23617061038702677     
   2.6683390666829839E-002  -9.7664376594526453E-002  0.22749680005101644       0.24900828867033381     
 -0.23278722305052024       -2.2791630650031858E-002   9.4308975800272629E-002  0.25219740791641088     
   2.3049811708281048E-002 -0.21853705963111028       -6.4929880827382214E-002  0.22914106937922918     
  0.22850315268276572        4.6908176900187844E-002  -8.5987612611838765E-002  0.24861202177036071     
  -1.3820959321977461E-002  0.21762186037761996       -2.5179098709173613E-002  0.21950917985952748     
 -0.14861166471602158      -0.18706837236038437       -7.8756748654171274E-002  0.25156038695670457     
  0.19839726196375501      -0.21132232156103295      -0.14227910143760863       0.32289617503239765     
 -0.13617431681244213      -0.17596763089751080       -6.4661265198532915E-003  0.22259798398725159     
  0.16232719685754049       -4.5661833833050263E-003  0.16545682933521644       0.23183384404348648     
  -5.0894485051597244E-002 -0.22318504807299824       0.15571642930184734       0.27685631769300661     
 -0.19624968634134898       0.10119691831006286       -3.1309723403294319E-002  0.22301357457366175     
 -0.12641438662534774        8.9123046882687823E-002   6.5363335293022753E-002  0.16791628935914699     
 -0.16911530956242904       0.13109601517087266       0.15774525307499646       0.26583776629698902     
  0.20283551384593657       -3.0022555206676113E-002 -0.11860719302339898       0.23687816643830401     
 -0.10855213502908867      -0.17739239698674839       -3.5556046350792785E-002  0.21098782182907469     
  0.14398167344448382        3.8432043563393602E-002 -0.11493531234801753       0.18819636097669082     
  0.10753216090736079       0.10640818888649937       -8.1267831205684621E-002  0.17172748376537492     
  0.19567773240400294      -0.17900232581735023        2.8653687832632089E-002  0.26674452465459025     
 -0.21170914419162282       0.10513401238059718       -1.4970248342811576E-002  0.23685022826469548     
  -9.0101173821211453E-002  0.11154221423063235        7.7318983454539775E-002  0.16290522484523276     
  -4.4767906161238283E-002  0.16787815048632632       0.14634733782313430       0.22716685964438046     
  -2.7841762546233259E-002 -0.14356358207628162      -0.14179740410127861       0.20369626813006514     
   6.4683588769436293E-002   1.0885450766045270E-002   7.4534745786296180E-003   6.6015255644190446E-002
  0.11825915151245291       -1.0512685496312782E-003  0.20018752079298177       0.23251102245538652     
   7.2163646603517762E-002  0.21690662939165956        7.6166936170196708E-002  0.24095119823466943     
 -0.17597786659686385      -0.22657601909719685        7.7249718262675515E-002  0.29710675006397896     
 -0.15631886286306421       -4.0750736655862201E-002  0.16885903975531663       0.23368693744384711     
  0.11819218662252258        6.3769486801839373E-002 -0.15160763920913395       0.20253596394751749     
  0.26545754869620131       -3.9857238416894647E-002   5.0420714647232981E-002  0.27312736603928023     
  0.26610906331305084       -5.8343745415749763E-002   2.9373170713027467E-004  0.27243001392064514     
   1.5036434870462675E-002 -0.10167799378021400      -0.11589285841280002       0.15490533697672335     
 -0.17749046772808658       -1.8687753678471922E-002  0.15199275076028765       0.23442247024455892     
  -6.4677819741684517E-002  -2.1327550970512019E-002  0.22566520278169908       0.23571777307501229     
  0.15534402430141941       -7.0743342417216401E-002   7.2378276449480763E-002  0.18540496564093686     
   3.3497682753932417E-002   8.9991010302716487E-002 -0.19592893195633609       0.21819400326942376     
  0.14547119093095928       0.12737234642987091      -0.11797547910463539       0.22650341210650871     
 -0.14891456057553495       -8.9689959648309336E-002 -0.21624875247162753       0.27745875037319556     
  -5.1744829002880778E-002 -0.17965192712918432       -2.9514807852232060E-002  0.18927088030735550     
  0.13973652822653501        3.7685000848300190E-002   6.3971644891683471E-002  0.15823662016072404     
  -1.8362144099563479E-002  -6.9508510354006209E-002  0.26822045137977601       0.27768833588384101     
   5.2348609288947051E-002 -0.16753489068190666       0.26035366448822711       0.31399418323073053     
 -0.11318489042216742       0.23575133452924307        3.7458550757722232E-002  0.26418299373174264     
  0.15297607193286775      -0.13491504682488920      -0.16736602357405517       0.26384680079690781     
   4.1871031650792832E-002 -0.17517379212323958       0.13145659161347747       0.22297954214898336     
  0.21677412381289060       0.11401351906786468       -9.1816008038405672E-002  0.26157271000085874     
  0.14939252703520464      -0.13372743068694345        4.3891787486863905E-002  0.20525019332728445     
  -6.0026842057193733E-002 -0.24185525029503152      -0.22921990807383391       0.33858374166520239     
  -4.0923891837506589E-002 -0.10644755743064779       0.10824342385742464       0.15723385835899686     
  0.10363205215042533      -0.11131897086685247       0.21069639371353455       0.25985473986758906     
  0.11468451460763160        5.2635503322955170E-002  0.10672240692621177       0.16526556277994767     
  0.23091964920722138       0.11318355956371491        9.8007387211540536E-002  0.27520873985673494     
  -1.8782611943540747E-002 -0.12177894617148111       0.19792042624119677       0.23314243149962030     
 -0.13472766983439249       0.16637846016877073       0.15647822861305152       0.26517687127088346     
 -0.10382993360348022       0.18749238669521098       -9.0562050139483000E-002  0.23267044312983950     
  0.21431214604756282      -0.13866019315533087       0.10303087433234281       0.27526660926286095     
 -0.11178636843223408       0.12470394916740812       0.20915086632107496       0.26793908260660831     
 -0.23940156140027782        1.4586512614993469E-002  -1.2037627467902769E-002  0.24014740978452040     
 -0.18810992464290105        6.3244016436810518E-002   5.4996596533255990E-003  0.19853310963292720     
   5.1757788450263992E-002  0.15651463958661249      -0.23045797522678024       0.28334886521003882     
   8.9699377114638670E-002 -0.21614846422658371        4.6027146838695923E-002  0.23850500013286050     
   8.9693455023418023E-002 -0.12636297529817583       -8.1609957829437682E-002  0.17513624015939105     
  -3.1491522314548222E-002 -0.19993613107665847       0.10027260916804331       0.22587777366743636     
  0.15655010707518113      -0.22044989450436581       -4.3977125618544166E-002  0.27393444396407313     
   2.7353614100191631E-002  0.22550137194540576       -2.8954844348702432E-002  0.22899229673694269     
  -6.9131046278255406E-002   7.7098448117443097E-002 -0.11658775370809171       0.15593580915345587     
  -5.1961504444740521E-002 -0.13284489410533609       -8.0516616496606103E-002  0.16380076118895265     
 -0.16778442314045458        5.7658754269064326E-002 -0.12272995956642387       0.21572850430022336     
  -1.1458074332705525E-002  0.20851701907386097       -1.4680250777067614E-002  0.20934694761027756     
   1.8435325744111143E-003  -4.6809511792200872E-002  0.18197498345279875       0.18790801901255699     
   1.0762571549095473E-002 -0.10661453203232836      -0.23870086532684387       0.26164975538801066     
  0.12303961789363606        6.3820302644639545E-002  0.18015646876666061       0.22730625121086773     
   8.7238585397460877E-002  0.19342856196352617       -1.4162605187200909E-002  0.21266348711312971     
   2.8941376693669890E-002  -8.9640078376526378E-002 -0.12231857861806628       0.15438517290018089     
   4.4481431201124091E-002 -0.17904869210463922       0.13136391302342190       0.22648070450020105     
   5.8559626813082410E-002 -0.14771278762774692       -2.3623334788660043E-002  0.16064357898087450     
  0.18424946905586445      -0.13897471041350609        1.9421672296379248E-002  0.23160103267618168     
  -1.3985175280679281E-003  0.10785424773340553       0.17701521814444487       0.20728936793801203     
 -0.15107271614596335       -6.1345446169808956E-002  -9.3549388147675980E-002  0.18798329008796574     
  0.19519423553606627       0.16857630546410241       -8.0615507457558785E-002  0.27021772775500019     
  0.19656379631815912        1.9367207879527594E-002   6.4672945805641341E-002  0.20783407969636503     
  0.14100619703722081       -7.5584116606496235E-002  -9.4318177818416310E-002  0.18571920997320218     
 -0.13281640839017783       0.11825928648527767       0.13634623742900237       0.22408871823168469     
   4.6418993202759475E-002 -0.11760065705186908       -6.0994970116326722E-002  0.14037458405452444     
   8.7324194748155268E-002   6.0940931626532552E-002 -0.13549320684267410       0.17233026790565589     
  -5.4631121936361882E-002 -0.24091020815627678        2.7479619819225476E-002  0.24855063343981931     
 -0.12793317334252224       0.23760501067447137        5.2464626839177464E-002  0.27491012169157691     
  0.13667174510195679       -3.5519796141705737E-002   3.4111908763910521E-002  0.14527368704166607     
  0.12049771933167107        9.4856236406993769E-002 -0.18697495881245640       0.24182026625647701     
  0.16625529527842270       -8.7028905558144409E-002  -8.1543023713136598E-002  0.20460722941051004     
  -4.2654084577919610E-002 -0.19157594018876228       -3.2189013487329628E-003  0.19629333436538648     
 -0.12677511480607456       -2.6227578134025722E-002 -0.13838391764147720       0.18949914050114569     
  0.21970054177816381      -0.10007571478791945        5.5083875148232181E-002  0.24762413058762617     
   2.3973863705025161E-002  0.18264940784703246       -2.7151455377953833E-004  0.18421624805638517     
  0.11835610042334858      -0.15328046166764081       0.31419044371948884       0.36907817784463520     
 -0.21816930724975783        1.4792533867306695E-002   9.1208076232941207E-002  0.23692948076203740     
   8.7886675914775350E-002  0.18196151901153257      -0.19387094508788719       0.28003572192419246     
   2.8977572734612093E-002   3.8721385052249840E-003 -0.26334151295420533       0.26495932824341789     
  -3.6841675727255462E-003  0.23244814622188437       -9.7654630340485493E-002  0.25215499320781121     
  -2.3474133264664326E-002  0.17048441792874594       0.13740826546212218       0.22022035125378303     
 -0.10591358493806438       0.18154129828937093       -3.5780260237984765E-002  0.21320215168173337     
 -0.11173077005794857      -0.18027093470062389       0.13657545826995959       0.25225826186118910     
 -0.32438026878757359       -3.5311313492733434E-002   5.6927498165960808E-002  0.33122528237849846     
   8.7370611152451247E-002 -0.20886782286175212      -0.10065027147446336       0.24776978885256426     
 -0.21526419929416030        1.7797679248106383E-002  -1.7972801927539708E-002  0.21674513718536112     
   9.2042915392534421E-005  0.11339593620573526       0.15215949826242209       0.18976606580562680     
  -3.1632977766682606E-002   3.0413613542207837E-002 -0.19395703250469193       0.19885915525594575     
 -0.19086869817668967      -0.13733813224682359        8.2263331760145213E-003  0.23528768575986517     
 -0.24429244477130416        2.7080062978563194E-002 -0.10156404875631247       0.26594620580681022     
  0.10478904778805374        5.4120112406121166E-003  -5.5249596643321235E-003  0.10507406712071263     
  -8.4235406439571697E-002  0.20778530173664711       -9.2568329945073108E-002  0.24256799258073858     
 -0.13209953017173753       -4.1620006302902066E-002 -0.16517304505277036       0.21555659490781515     
  -2.6417791723831661E-002   4.8409935160579023E-002 -0.22899776545222733       0.23554489619588137     
  -9.2343568099683249E-002  -5.4690659805324032E-002   5.0898176509339289E-002  0.11878142620501903     
   4.1799031313157806E-002   5.5164024040672541E-002  0.21148191095584939       0.22251927383625911     
   7.4646255585689256E-002  0.10782512630674908      -0.13310866702121027       0.18685887341037316     
   9.8302921488418973E-002  0.17752860657837088        7.0041160381634826E-002  0.21467564993361998     
  -7.5328170736932404E-002  0.16862713674899826        9.5517477635556611E-002  0.20792554698400303     
   9.3391842799862124E-002 -0.24255061573613149      -0.12111359591195700       0.28674263828432545     
  -2.3201186351360946E-002  0.19729190968124583       -1.6663879339331569E-002  0.19934913480730043     
 -0.25400607578398438        4.1045008960207782E-002 -0.16322039864582905       0.30470424649129213     
 -0.14168150518268632       -3.2145038883172286E-002  -5.4832129775915214E-002  0.15528526939602172     
  -7.0756603272350144E-002 -0.11602977409213502       0.11866097493081501       0.18041572091712005     
   5.2076200815922929E-002 -0.16033655853813697      -0.11717746511020194       0.20530538479281626     
  -1.1623679689694372E-002  -3.7009700650042492E-002 -0.21746909893238342       0.22090187156789129     
 -0.20142492050663180        6.0078965075725993E-002  -7.5750959298668985E-002  0.22342714356215057     
 -0.23014476569468151       -9.4192410050564501E-002  -9.1846900896585620E-002  0.26509371266044912     
  -4.9912084519052144E-002 -0.11514855619683402      -0.13798902147786848       0.18652446548287463     
  0.21322096644879468        5.8279281426473054E-002  -3.9206627441211117E-002  0.22449234911742094     
  -3.2902346084118128E-002  0.15477193211504056        6.0522683433834740E-003  0.15834628287573449     
  -1.0039953646302387E-002   7.4108867561645600E-005  0.28241500479442844       0.28259342011869487     
   2.7219230177278366E-002  0.19219560616543285      -0.20466357042504141       0.28207661118899546     
  0.11473630577345331        9.9617458881922333E-002 -0.10986342792514116       0.18750474866544994     
 -0.14642416034007016        2.4370096078068004E-002  0.23687131054740204       0.27953882391287371     
   9.9708687859252562E-002  -8.2311510337769317E-003 -0.12202058262794253       0.15779289232033633     
 -0.16335074475933467        6.4541757581142653E-002  0.16621864776459244       0.24182171769669891     
 -0.19513644888647655        4.5129206332010029E-002   9.7209533565600068E-002  0.22263102291509856     
   5.6383274339254372E-002  -2.4889257477102276E-002 -0.13056171567693717       0.14437766573636829     
  -2.7735890342135402E-002 -0.20779254563049740      -0.14473806495203859       0.25474718659630735     
  -3.9380180067468296E-002  0.15686090816964660       -6.1987011992467346E-002  0.17320084511833889     
 -0.19669612451826596      -0.14423055896360171       -3.1193233651935569E-002  0.24589598891629449     
   3.8815923203579877E-002  0.16082040596267319       0.15522227164053659       0.22685641379822999     
   7.1725014022210404E-002  0.23980206524530043        4.7823273204952242E-002  0.25482655590113268     
  -7.6362632348781392E-002  0.20810641177809022       0.18347743623445081       0.28775597274349346     
  -2.6998100900788104E-002   6.3742749458127759E-002  0.16513799693643913       0.17906030713955051     
   8.2812128610304445E-002   3.6567697969850689E-004  0.26011957175848577       0.27298383464308118     
  0.16092947307053221      -0.17638462268702146       -5.4322568840884079E-002  0.24486888717980215     
  -4.2571811371532035E-002  0.20744498350199186        3.3795919479297942E-002  0.21444799947084181     
  0.24324710297343374        8.1989203771552541E-002  0.11135578586751847       0.27980617163714255     
 -0.16382184603412231       -6.2530488896512276E-002 -0.15189127651245138       0.23198840307275378     
 -0.11810933541079779       0.21321445726511729        6.3878610135393879E-002  0.25197360324222157     
  0.15121691683363847        1.0801322265459348E-002 -0.23246773553913977       0.27753283151016434     
   9.3786839212561368E-002 -0.14762263108847926        5.0564274042918363E-002  0.18205811772193908     
 -0.26624045301727250       -3.9704134398294844E-002   2.5467368783255163E-002  0.27038673041386974     
 -0.21775675900202524       -6.0165428035959978E-002  -7.7142698034188134E-002  0.23872343974107424     
  0.18662251361576765       0.11901833292683338      -0.11303412432966092       0.24853579103204268     
  0.10100246873405085      -0.18874812099471297       0.21263684971476812       0.30173130716919089     
 -0.17249087025107196      -0.13057022550909320       -3.7644695675081732E-002  0.21958781209788741     
 -0.11640321920715663        4.8262402174195952E-002   7.7464647036415757E-002  0.14791801934142326     
  -9.4231496932908054E-002   4.0237963226388798E-002 -0.15703035971119222       0.18750254016906356     
 -0.10304213264827131       -9.4756404220637622E-002  0.22515657746256895       0.26512627485065798     
   4.6958500243376458E-002  0.19953120126397517        9.3533264687740467E-002  0.22531372045683118     
 -0.22378362814805453       -1.6162039621238636E-002   8.1495774659095424E-002  0.23870878710075019     
  0.12252940942054535        9.5994689645958926E-003 -0.20055264688281882       0.23521685770593587     
  -3.3612944663658606E-002  -9.1771580891440899E-002 -0.21218959393899101       0.23361566061433112     
  0.18818071470497438       0.14948979889250230       0.14115062137281975       0.27871612668399520     
  0.18621591854121120       -2.5071865824725988E-002  0.11315410220694765       0.21933722351744223     
   3.7710877469405192E-002 -0.13603225585605855       0.18902750829266277       0.23592007927290412     
  0.17384471135589569       -4.7804331556914239E-003  0.15619070718967235       0.23375280366228912     
 -0.19188288149431190        1.2746672543485264E-002 -0.19673395704550301       0.27511046458881350     
  -6.3715776531918733E-002   1.1075734641410769E-002  0.14866382191095703       0.16212126332497259     
 -0.14376379974500955       -1.9238094910189043E-002   1.3325431033338518E-002  0.14565610706427970     
  0.18457393284083146        2.7604413487791399E-002  -7.6390448514535580E-002  0.20165574862271751     
   5.8962798888941896E-002  0.16043427216317543       0.10516592230249586       0.20068791331587524     
 -0.22257730377299012       -4.2202506744513840E-002 -0.10617847482567043       0.25019107947063218     
   2.1848063084268392E-002 -0.22355802273035116       -4.2504677583933836E-002  0.22860921898329592     
  0.24995019765735710        7.0667160304377710E-002   3.5715320485382812E-002  0.26219178662156850     
  0.10562668875828038        4.1095667517157708E-002 -0.23440231212043106       0.26036569511770052     
 -0.22473467249987467       0.11915338605738759       0.13796493725693226       0.28937437057361526     
  -7.5423504257901217E-004  0.21683487972920509       -2.8111618039148550E-002  0.21865085640458232     
  0.22118086346893071        2.1073131083680745E-002  -9.0134505377064245E-002  0.23976922295845182     
  -4.2899850762864455E-002 -0.23682279423083094        1.4406767293354633E-002  0.24110783480969550     
  0.16303544329825226       -8.5015645021287320E-002  0.10727008305957339       0.21287340460811663     
  0.21935703990026351       0.12177985350251272        2.9947637832220101E-002  0.25267509708047819     
 -0.19038765497476956      -0.14381792388083683       0.13602633276033835       0.27465290386306201     
  -3.1234935024378643E-002   9.3469313924786773E-003  0.19729198848308960       0.19996778493558512     
  -8.9525614278288396E-002   8.7242586852777880E-003  0.11891831492335217       0.14910571392713992     
 -0.18641403878833773        1.9667099309981947E-002 -0.20612646495311765       0.27861282850349411     
 -0.10529686469639461       -3.2920033708073594E-002  -4.8656645859975770E-002  0.12057623115927381     
   8.2724489989860386E-002   3.6113905002896997E-002 -0.22863458444313334       0.24580750310380081     
  0.14858599357425203       -7.1473341153106482E-004 -0.14859103816471816       0.21013710989058063     
 -0.12913941283945343       0.13394260975361535        6.4868493903035063E-002  0.19704195532265756     
 -0.17993426407462340       -7.9333631410598252E-002   2.7628207723382564E-002  0.19857865525497786     
 -0.15850010098974565        8.9586721791762775E-002   6.2244402423073414E-002  0.19241213155141693     
 -0.25284550047639925      -0.16267738553373101       0.10674840964376309       0.31904545418595703     
 -0.11345175922175481      -0.13653379023996021       0.14914467950828009       0.23185537080996865     
  -9.4981667196908939E-002 -0.23313729296060495        9.9285184232695667E-002  0.27061423148205571     
 -0.15297504910244178       -4.8550294192780334E-002   7.3901724122476559E-002  0.17669171328156458     
  0.12629612532181939      -0.20765852990754641        6.6987258646029280E-002  0.25211122373979716     
  -4.5817738862045147E-002  0.19723549020542572       -9.0720425896067852E-002  0.22188127335529936     
  0.17893104069982071      -0.11616501179458545        1.5418546414106775E-002  0.21388865997214776     
 -0.12774413379658403       -8.5416945230421704E-002  0.18729697996552255       0.24227004964737547     
   8.8903848681169434E-002   3.0440388664320497E-002 -0.17231014580494516       0.19626843332456856     
 -0.10926288340371929      -0.19713123042521707        1.2491789435080777E-002  0.22573246222452184     
   8.2243297556992660E-003  -6.7221971426700805E-002  0.21569421498797300       0.22607615403155765     
  0.16905022632451405        1.4408596057725530E-002  -3.6641934244792757E-002  0.17357481961944782     
 -0.17712217134974381       0.19042793557752768       -2.5887338360387657E-002  0.26135266694516868     
 -0.24274825957022370        1.7910110002023985E-002 -0.15695576560334673       0.28962493318219346     
  -4.0803319756728476E-002  -9.8205897052608807E-002 -0.15958337488872526       0.19177112050554657     
   8.9269945461941752E-002  0.13975432047677186      -0.11258366679178827       0.20043820814152855     
  -4.2234361096957350E-002 -0.17091212572552306        7.9726285798554702E-002  0.19326400757647041     
  -1.5278423423802248E-002  0.10321353041484636      -0.21767782009327918       0.24139199747211054     
  0.18031968044611471      -0.14842280131843039       0.11585410325268361       0.26070421620657130     
   4.9003187363544476E-002  0.22100870197029474        7.5562253278757971E-002  0.23865416995926214     
   8.1193776866953907E-002  0.16647338582823173      -0.13248437607011088       0.22772335737407917     
  -9.4846694594329997E-002   1.4726580024511582E-002  0.15185800931777813       0.17964860875789390     
 -0.14509960166496264       0.16317284302942189       0.10418645126417937       0.24193818990117788     
   9.1285267547991461E-002 -0.26943144920538914        8.8610237772771883E-002  0.29795650711198063     
  -5.4118355941176796E-002  0.16324002886675279       -5.8448419013929907E-002  0.18163788470311504     
  0.13829937428887343       -2.6084504454779861E-003 -0.15237970509870952       0.20579867703265270     
   5.2017081404603871E-002  -9.4699621134077885E-002  0.29867138663789544       0.31761358944005263     
  0.14495362395033984        7.2239256122634155E-002   6.0925294053760515E-002  0.17303743721237105     
  0.24455502218717926       -4.5499853350045381E-002  -2.1352964672397369E-002  0.24966646677547230     
  0.18227842282032264      -0.23068224507844026        3.7612641628169338E-003  0.29403038742347087     
 -0.14182030642038904       -8.0524786291020292E-002  0.28560992303848776       0.32889248799332349     
  0.13447862124105570      -0.11702888414463304      -0.11063397197499227       0.20980975918673714     
   3.5418554047444109E-002  0.28880065184057130       -5.4346820083610553E-002  0.29599639749083251     
  -9.5026025927726326E-002  0.10450134500346347        9.8019548369271021E-003  0.14158585744972896     
   3.7355249546923083E-004  0.15418636756951690        2.0438921639749880E-002  0.15553560686718934     
 -0.21117645128216350        9.2745638071105391E-002  -1.6745894465071076E-002  0.23125239877410944     
  -6.2806472629083177E-002 -0.20860349890717325        6.6884593597137304E-002  0.22788949431923586     
 -0.19211252105951768       0.12615251145126247        7.5201032204194052E-002  0.24181991675186881     
 -0.18232739953113961        5.4947748609943080E-003  0.18462771733342190       0.25953972177358664     
 -0.16545918511079324        2.6032085504999709E-002 -0.10386631021655029       0.19708531607217220     
  -3.8249010941899961E-002  0.17692443427597476        3.2382786212204098E-002  0.18388552723031962     
  0.11940428395568833      -0.17180431714376726       -9.6591976845546115E-002  0.23044330410566788     
 -0.17091609137592881       0.26432974144948707       -5.1282596402206969E-002  0.31892385799706041     
  -9.9934038263610234E-002 -0.16336515357843495        7.8040799681995024E-002  0.20679785255747610     
 -0.10002699062594103      -0.21407163938714155       -3.4974983972170089E-002  0.23886254446319963     
  0.13327756279709269       0.13167533254315419        4.8204223483949073E-002  0.19345528968517178     
   1.4285755813226945E-002 -0.15420079914484761      -0.15927112067139446       0.22214693145750780     
  0.12057957883344855       0.11497665281089395       0.15162066786987596       0.22527292879650657     
   8.4392067526292094E-002   9.1249694717318405E-002   4.1658396400381631E-002  0.13108756553547474     
 -0.23515537790668112       -9.1098765537679302E-002  -9.4293067300547803E-002  0.26923636340930751     
   6.0440712279174219E-002 -0.16727805583334873       0.14293442770876358       0.22817817224403963     
  -2.1886598511842350E-002 -0.20303722466802065       -3.1979506031752626E-002  0.20670226559316124     
  0.18125770540443575       -9.1879736580801792E-003  0.14582133053493440       0.23281459375950078     
 -0.13981009232634548        6.1151043266453708E-002   7.7442664219400908E-002  0.17112474470477906     
  -6.6958065258509183E-002 -0.17205832228492804        5.9881411927637761E-003  0.18472494851971516     
  -6.7791742813116521E-002  -2.3652768471853852E-002 -0.20918400281140834       0.22116310922535465     
  -3.3548407417473711E-002  -8.3491423274442408E-002  0.13441788683182651       0.16175438696052305     
 -0.15469350706122947       -9.0067417727624832E-002  0.14187755182721906       0.22841072780303107     
  -8.4860836815953300E-002   2.3044334891652560E-002  0.17374695081924765       0.19473162535830832     
  -2.5259830634812713E-003 -0.21151192755472872      -0.10374946713183791       0.23560056879917360     
 -0.22080931524936073      -0.12890760678357113       -4.5880699189430565E-002  0.25976713292037235     
  -6.2071081945302330E-002  0.11385336365013707      -0.24957252555016596       0.28125051668894585     
 -0.17680802565401857        6.6524366389016543E-002  0.15239314017975930       0.24271431443773558     
 -0.15457558430834864        7.3124976708414738E-002  0.14522550126808237       0.22434642787760048     
   5.0220612767272209E-002 -0.18938358799004640       0.10583548131522853       0.22268678104443029     
  -2.8533776904732164E-002 -0.18900628075776085       -6.2177514851215643E-002  0.20100645249196275     
  0.11770059681068437       0.24592685370475420       -9.1493537388279464E-002  0.28758392730910981     
 -0.10150041776576850        4.2418047849569887E-002 -0.13041931840064888       0.17061894444077352     
   9.5081807914790720E-002  -7.0455678551269108E-002 -0.16572884800727450       0.20364332519943593     
  0.16574089827060076       -4.7613863676041285E-002  -7.6731294277269435E-002  0.18874537582460449     
  -4.0802024894218872E-002  -6.6921198306901103E-002 -0.13843251635797732       0.15908115414310300     
 -0.15313925679344004       -6.2400121386929734E-002 -0.15759893311978021       0.22843561640174170     
 -0.10668524607542396       -8.7816749961821067E-002   5.9992874435374648E-002  0.15064085862424376     
   6.7845302437555530E-002 -0.21724108478811646        7.0179147093675065E-002  0.23816336130806659     
   6.2650063463701958E-002  -7.9582170810809205E-002  0.20339662094735336       0.22721914042564292     
   5.7773679005023580E-002  -9.8225378470436386E-002   4.1486491794520255E-002  0.12127304714095695     
   7.4754953236589261E-002  -9.2850279273636559E-005 -0.24480210536857330       0.25596168159993221     
  -4.6306438460532576E-002   4.5602177250455928E-002 -0.15176009531476545       0.16509079726873871     
 -0.15900135824628875       -6.9273273143213410E-002  -5.3075520905336140E-002  0.18137593339666561     
  -6.0218948109991483E-002  0.20872250774164172      -0.21948197103506448       0.30881020475183529     
   7.5262534394588659E-002  0.15751343644920648      -0.17926499248753489       0.25022164030533167     
 -0.26610163897791644       -5.2128945609741573E-002   1.7718717004890944E-002  0.27173785560612673     
 -0.13639132136280022       -5.9727276660154954E-002  -1.9893607047604400E-002  0.15021882612273946     
   3.7029010429424393E-002  0.14667829506509780       -8.4908842189856684E-002  0.17347962802187553     
 -0.28546428458476958        9.2564702383463801E-002   8.9872333572432878E-002  0.31326525221062768     
  0.12031593061340583       0.20664972413429031       0.14456621037431258       0.27942695078703156     
  -6.7539345409762003E-002 -0.11362979221418160      -0.13696734011714057       0.19035058475292818     
  -5.4694882215058589E-002  0.13570364156146492       0.15550694267714707       0.21351678550960621     
 -0.20140660712594563      -0.12336762451587410        6.5579454115462052E-002  0.24512212665272939     
  -3.4556372092919674E-002 -0.16251595243511349       0.23235543110208809       0.28564772712338110     
 -0.19753265248965540        3.1022410125726048E-002   9.5499424933173316E-002  0.22158898639637875     
  -4.9696278694531332E-002  0.20510197531842225       0.15953758218836048       0.26455392744412448     
   6.3913960482662041E-002 -0.13706002747711815      -0.12753921527822476       0.19782996969719482     
 -0.13994602740849205       -9.5663473955510919E-002  -5.4263603419013477E-002  0.17799137477043964     
  -5.3600078749120664E-002  0.27069985964233573       -4.2686824387250105E-002  0.27923743915986649     
   8.2309581449424046E-002 -0.14098354387866391       0.15285668059052349       0.22364344757698545     
  0.12084003072310910      -0.14187532168007200       0.11332172345203181       0.21811174414305307     
 -0.10935180916654398       -5.9196465125859084E-002 -0.11694314964353542       0.17069780285622782     
   9.8765209088244613E-002 -0.20040353088644142        6.0256992131489870E-002  0.23140234834316609     
  0.13312990181770726       0.12861983489844125       -5.6175240701090395E-002  0.19344841781498265     
   8.8358154066561320E-002  -2.0476492534651607E-003 -0.22868698724644571       0.24517156114315425     
  0.10595533048599556       -2.8959993197383172E-002  0.21838000714134767       0.24444844197385282     
  0.17209982275556132       -1.0835292576903376E-002   8.2497760792758648E-004  0.17244255027624794     
  0.22573533833327677        3.6349052344938184E-003   6.8840758509334812E-002  0.23602691698330350     
  0.16152008745032176       -5.4175201583337537E-002  0.20247248101463658       0.26461065111740534     
 -0.19956147967796978      -0.12627879718640173       -8.0302529964197150E-002  0.24943859987731631     
   4.6440462825187712E-002  -5.8174307143970899E-002  0.18919547734567049       0.20331230963017174     
 -0.13953595436902233        6.0239219271486129E-002 -0.21156607600067204       0.26049808178647726     
  0.20691114466832419       0.11967427587412781       0.13978886413979130       0.27690265551533821     
 -0.10841911627883211       0.10426343401373392      -0.18736601689147397       0.24027399512389033     
   5.1672437418892589E-002  -6.0270786224100301E-002 -0.18030436321570426       0.19700830402676223     
   7.5478636612237263E-002 -0.16739038768996162       -9.5282570386219206E-002  0.20687033304764274     
  0.15099335568460887       -6.5793790591533299E-002  -8.8238683076713481E-002  0.18685256629871055     
 -0.10473692134686925      -0.14056010469482078       -7.1554702185554320E-002  0.18933314852371369     
  0.14635846406057304        4.7398569505758631E-002 -0.17664930943152796       0.23424859213237118     
  -5.2141663808109730E-002 -0.19266328239293806      -0.23782698926050835       0.31048280195176176     
   5.7644576697083116E-002   5.7997162195559046E-002  0.32804860294795835       0.33808645926956482     
 -0.15765851525213373       -1.0519191328147645E-003 -0.16380645763381330       0.22735406204400119     
  -4.3305671059974120E-002  0.19177331155785099        8.6108707566042286E-003  0.19679057718042856     
   7.4097864747200454E-002   6.8893128419628677E-002 -0.19113304747286325       0.21626048769898226     
  0.14415216259057842      -0.22197127596541183       -2.7155848995746378E-002  0.26606114610730619     
  -2.1084171846796222E-002  0.21181666080281100       0.23835749173950715       0.31957023322654371     
  -3.4945384466180465E-002 -0.32544555434283473       -5.3377149592368910E-002  0.33164002900073791     
  -3.6679565760076471E-002 -0.23012098537239059       -2.3197285628388874E-002  0.23417765161012449     
  0.11481178816194493      -0.20905138692345829        3.8257039130230971E-002  0.24155295510214073     
 -0.18972286951544778       -8.1238939891999096E-002 -0.10842014495284019       0.23312970725230697     
  0.18033597349913388       -1.6138131085933434E-002   2.6016720896622766E-002  0.18291629883375579     
  0.14253479736219146       0.17778591173952327        3.4473657401626820E-002  0.23046134584085742     
 -0.11991421228904107       0.21256674463111230        2.6793446120515436E-002  0.24552378293554919     
  -1.5493435488984325E-002 -0.21420566162239646       -8.0336675619770551E-002  0.22929913533194182     
 -0.14902796117691056       -4.3958439979083913E-003  0.10021340811463314       0.17964237758098928     
  0.20568836166588883      -0.18414243089268353       -6.1766343148219535E-002  0.28289789346293803     
  -4.5871074663370322E-002  0.21694761310916105      -0.15321160043949422       0.26952591124744568     
  0.10862390562230054       0.20977668789580892        5.1486595088193657E-002  0.24177733791849410     
 -0.18381715449734251      -0.12914938551276603      -0.28663136020630064       0.36417831720125654     
  -4.5134943157675120E-002 -0.22401063759103476       -4.7197408549561559E-002  0.23333564713001465     
  -2.8903978068405407E-002   5.7826749116302999E-002  0.19662776710436450       0.20698273275321039     
  0.19416188881593627        2.2383300164698285E-002 -0.10912041025711811       0.22384618631890235     
  0.11960380260313141        6.8255455853616392E-002   6.7394594601170255E-002  0.15331636648567526     
 -0.20481530504594359       -7.5695989693795540E-002  -1.5857493417288458E-002  0.21893070167124909     
   9.6128731846778850E-002  0.13910810267957885      -0.15279990450803413       0.22790262862732960     
  0.12853479903134210        8.7353440287028891E-002   7.3329076112406688E-002  0.17183995896038312     
  -9.9103545651502492E-002  0.11774372282450808        6.2534900698852453E-002  0.16611956787413504     
  -4.5661210411313297E-002  0.25105317685436085       -7.3811263031193591E-002  0.26563272820786460     
   3.0247119019306091E-002 -0.22761645931420543      -0.27487576231243432       0.35816312689408059     
 -0.13120050679038123        8.5922776956723498E-002 -0.15688094823580048       0.22182860163056439     
   8.0750405955546667E-002  -9.8410905156135885E-003  0.12278395643786054       0.14728671047673147     
  -1.3014886920608142E-002  0.13491290984586049      -0.24544653319683263       0.28038345383238533     
  -2.1861151167376851E-002   3.0492853772448283E-002 -0.17288171977165290       0.17690622683431789     
  0.27344615363908642       -8.8279125805961159E-002  -1.6679235569445307E-002  0.28782668377385828     
   2.0077851563722580E-002 -0.18226293991143191       0.17535705342437255       0.25371833905780511     
   3.8991417383972930E-002  -7.5586901831056000E-002 -0.25852947087678241       0.27216024263264088     
 -0.14677450715912560        3.1995854694733601E-002  -7.6923840216812339E-002  0.16877134787383904     
  0.12944038292487112       -6.8299850614753438E-002 -0.14777508551463472       0.20798355277423380     
  0.17945946311335897       -2.1475156299017861E-003 -0.18224852214857129       0.25578278782915398     
  -5.9370957788208188E-002  0.13386256956653561        4.5055058552591856E-002  0.15321245530576899     
   4.6137940153666950E-002 -0.17753157747965370        7.1012772024534127E-002  0.19669515579862687     
   9.2728909103240373E-002   8.6583748103699010E-002 -0.14151242096903413       0.19005567949334992     
   6.8314416866390948E-002 -0.24954264456918598        5.1916639459380472E-002  0.26388203512769381     
  -5.0002966261515604E-002 -0.10775977746844521      -0.15617433707523323       0.19622153254902397     
  -1.9096455764961554E-002 -0.13238452272252157        6.7433694132699833E-003  0.13392464116172492     
 -0.18610876826929043       -5.6438316819712123E-003   4.3721359996146257E-002  0.19125868289486750     
   8.6607358309339660E-002   1.8294887148973912E-002  0.24918017281119900       0.26443580682527668     
   8.3646792115203594E-002 -0.20713583137282579       0.11264081528942761       0.25017991873598239     
  -7.3498291551469613E-002  0.16154920362188471      -0.17988575456658359       0.25270344031658759     
  0.11060104716993127      -0.22435607670550017       -5.8038980961320263E-002  0.25678154937767261     
  -1.0901477712076321E-002  -4.0020107517550411E-002 -0.14960003097521665       0.15524374541284738     
 -0.14937865441902817      -0.12866725964397571        1.0186996457452222E-002  0.19741585801843237     
  -9.6153603068624596E-002  -1.6268180500833663E-002 -0.13953782558536809       0.17023799179084240     
  -2.9664300455823651E-003 -0.11878357323207023      -0.17287235543750945       0.20976936919270775     
 -0.16975432364835094       0.11125111873429672       0.12700479515969060       0.23942339027441875     
  -8.3988890359489601E-002  -8.3893582220239446E-002  0.18436058915034195       0.21927401504378860     
 -0.12348185678605064      -0.25115522662149781        2.9260288538506003E-003  0.27988440195816594     
   4.9651336450377767E-002   2.8573897739650890E-002  0.14024415614994945       0.15149305653248946     
 -0.20609935740071844        1.1418638962341281E-002  0.13162155450903404       0.24480924011996769     
  0.21163362098899582       -2.0689081944711883E-002   7.6283508034089509E-002  0.22591148984196430     
  -1.9268701962450410E-002   5.7108238198376141E-002  0.22780718108497094       0.23564538081473388     
  0.11055071137797134       0.20326821140930348       -8.9310310896848863E-002  0.24802370287576270     
   6.9265353665591167E-002   2.8995919528746122E-002  0.17005822109425833       0.18589849684567272     
  0.14359921044964580       -5.4603486816611896E-002 -0.10924698964552665       0.18851307318301130     
  0.25653880470223861        9.5783477333080805E-002  -7.1275034702833862E-002  0.28296071002872519     
 -0.19821772141513372        9.9379198115731072E-003  -7.6490577264548554E-002  0.21269658140988701     
   8.0783781904507787E-002 -0.17133669277108440        3.6569307930133958E-002  0.19292380877179727     
 -0.15781526877615620       -4.9367869264508202E-002 -0.22698435525242291       0.28082867215433349     
  0.10542165760620813       -2.0928374132122007E-003   3.8629589064468554E-002  0.11229581921054954     
  -4.9704537162751583E-002  0.16753573238656733        9.2669426336906821E-002  0.19780390597376549     
  0.15883404644201893       -7.1194678275903311E-002  0.14277439688731977       0.22512544265474019     
  0.20344030101622748       -2.0629137450295258E-002 -0.18233406332351543       0.27396939251963925     
 -0.13052146012954552       0.15455643495824500       -8.3857206525094916E-002  0.21898761204128234     
  0.16483894544219815      -0.18713688831052519       -9.5078540080518081E-002  0.26689327770643578     
  -5.0543411698262722E-002 -0.12879084766089713       -9.9264264230132279E-002  0.17027951450618484     
   2.8232394309566543E-002 -0.23978568022174973        7.2694879829843045E-002  0.25214834142094489     
  -6.8598354550447230E-002   7.6888373745612318E-002  0.27227988428162941       0.29112521644249806     
   3.7929552199511489E-002   8.3986935647147626E-002 -0.11909867932892491       0.15058868386219354     
   4.2722622541560888E-002 -0.22896662945084043       -1.4577633651480387E-002  0.23337405014650606     
  -8.1267127235284481E-002  0.28186126644277415       0.13532240911625137       0.32305150347711825     
  0.11776849285796338        8.6940881780318544E-002 -0.19382159398710744       0.24288875052270045     
  0.12369690944544924        7.5442714052022825E-002   2.3487931283998276E-002  0.14677946527322130     
   6.8001219738685267E-002  -7.1742718536512748E-002 -0.16160758365076677       0.18944179750624682     
  -1.5040214386311743E-002  0.18169085038482899      -0.10077370828112697       0.20831013763875778     
  0.22126984322312510      -0.15806625820728090       -3.4720485139234938E-002  0.27413645797657227     
   6.8845160756858634E-002 -0.25593959282613060       0.12569096528706714       0.29333078612794455     
 -0.30526783972578919       0.12030815594197206        2.2031973193729175E-003  0.32812704922855124     
   4.0001506168244848E-002  0.11683643932076734      -0.13576745294216006       0.18353112904160190     
  0.16103599102404795       0.20803879137971013        9.3618115023295992E-002  0.27924376552457331     
  -6.2364312383384329E-002  -6.0402577809840430E-002 -0.13649307875503844       0.16176569294246321     
 -0.14707300113374050       0.21177189350531520        5.1190387134046177E-003  0.25788370847857206     
  -3.5019876328965478E-002  -5.8305861121755578E-002  0.17939639372613961       0.19185679884014947     
  0.13020581645602325      -0.19602467281422123       -5.2033836074636908E-002  0.24101192312320210     
  -7.0856828679279185E-002  0.22319583263110768       0.15380059603825655       0.28016369003870067     
 -0.15604047625264969       0.10743579066058223       0.10247699728625356       0.21538944801643603     
  -4.3854367478056815E-002 -0.20118257771170700       -1.5526369091179736E-002  0.20649141207029173     
  0.15968376814734997        2.6180411279099002E-002 -0.15328834030409288       0.22289377518823353     
 -0.13776255402074172       0.18100977074908439        2.0377539881842849E-002  0.22838192250830616     
   8.9848615377494303E-003 -0.27989198545961125        4.3274028433876677E-002  0.28336000564347774     
  0.13514995623835083       0.11623596225454755       0.15192246813149157       0.23421517012275875     
  0.16534075216912297       -3.9330233827743137E-002   7.6814165956660685E-002  0.18650696424641547     
   3.3377704389258994E-003  0.17826008745752253       0.12311352275498313       0.21666734635613252     
 -0.17803612859131135       0.15120025095631381        6.0278160430033145E-002  0.24122983977498108     
   3.2173201909582859E-002 -0.23401108764097506       0.13195079106747773       0.27056850393820797     
  0.12893980328949037       -3.6262001352613593E-002  0.10291038776699007       0.16891108171100463     
   8.6879753193031123E-002   6.2223430035775754E-002 -0.23755941688207810       0.26048862414633783     
 -0.23440498651578665        6.5571551744732809E-002  -7.2368462377163184E-002  0.25393408681883017     
  -3.3393899277900242E-002 -0.10000287002326305       0.17084306056127196       0.20075626481834791     
  -1.3459787385024877E-002  -5.1881553055360970E-002   3.1199502516050370E-002   6.2018306822545097E-002
  -7.3387911090754571E-002 -0.21243419461744872        1.2323385031800653E-002  0.22509095573938681     
 -0.12813345310008209       -9.9036081013259038E-003  -7.9578864520218520E-002  0.15115905178024527     
   6.8782718860292150E-002  0.20966615855975623       0.11241192808122641       0.24764369976633294     
 -0.19957010620560720        9.4149750453256797E-005  -7.9922191821577407E-002  0.21497858707475465     
  -1.0258983025396923E-002  -3.6357509104089185E-002 -0.25251203382792059       0.25532223253935843     
  0.26047958833109186        3.8211020639958085E-002  -3.2123990316185409E-002  0.26522000073395063     
  0.21224912947696850       0.13248492943810192       -6.1293928683620630E-002  0.25760220337843104     
 -0.32490640441034602       -3.3581092090323429E-002 -0.18289964599229791       0.37435830680905957     
  -3.4119858869670727E-002 -0.14277306825674757      -0.17399612350025595       0.22764657867371624     
  0.30990403187497845        6.4474902223223607E-002   9.0412146913862304E-002  0.32919884310039083     
 -0.11583831249534181       0.15075518883205261      -0.15274138622488864       0.24387614206284489     
 -0.10092009700058419      -0.13723129331398309       0.18542173324956726       0.25179061341620634     
  0.10838413835709992       0.27094706695743981       -5.2099502262800405E-002  0.29643514075811239     
 -0.20508039564218247       0.17206308047995258       -3.8141964839493725E-002  0.27040429327734777     
 -0.18926472083664383       -2.7139450693652555E-002   1.9718117465700756E-002  0.19221469375080846     
  -3.7544695229257075E-002 -0.17602400182142000        5.8620260880603486E-002  0.18928916594141112     
  -5.7127958661728040E-002  0.15296080643971424       0.18833812539622824       0.24926263547774108     
  0.13120752146070544      -0.19732596694093790        6.8268145227742300E-002  0.24660391434418413     
  0.16840687365015855        3.2756939482650835E-002  0.19584584384435105       0.26036414255422435     
   7.1128374148352644E-002  -2.9724349818691910E-002  0.19575377303958416       0.21038612653966762     
  0.20735683546910763       -7.5744328161076124E-002 -0.11998314123781265       0.25125686984762874     
  0.13673738388058251       0.21181380149038151      -0.10076780086396314       0.27150754748859535     
   4.2365891520291694E-003  0.12258277309122785      -0.23378621110110512       0.26400847987780435     
 -0.12311314042065150       0.23270745750408084       -8.0478213292712403E-002  0.27529320539569435     
  -3.0659462036520362E-002 -0.11445498104062857      -0.13437975891572562       0.17915877009967449     
  -6.5150887390511947E-002 -0.21909474420277478        9.4893683122693223E-002  0.24749132542705532     
 -0.10779971358431038        8.0334904829066647E-002  -9.5191308875249042E-002  0.16472965873860607     
   7.2822320649863936E-002 -0.18182064265406189      -0.14421892261941052       0.24323020807759713     
  -8.8922680931153616E-002 -0.24744307329654439       0.10185982727433912       0.28197649213858411     
 -0.13084182661297364        7.3842626246627061E-003  0.13388978188635514       0.18735150017948937     
  0.11788855673528797       0.10028669763764328        1.0586822507464913E-003  0.15477808094268822     
 -0.15990036208462508      -0.11836012554400739       -2.4630742670163248E-002  0.20045926917474083     
 -0.26099545776804800       -1.3592176366975463E-002  -7.2371907124139018E-002  0.27118456662341406     
 -0.19160393129167727      -0.15248456274132074       0.16526689097480368       0.29542639288546180     
   5.1511874915619628E-003  0.15756371512480172        6.7858012790801614E-002  0.17163207438127492     
  0.15941821274911180        2.0751848747905526E-002   3.4224546082938012E-002  0.16436582776587161     
  0.15988778074571308        6.6762479260451743E-003  -7.6886662676810463E-002  0.17753938609710487     
   8.8697815507415137E-002  0.16225573544123997      -0.14077717469987028       0.23240576386106027     
   3.6926435059977412E-002 -0.14026336907407044       0.22030823217540732       0.26376711598396946     
   7.7379152995684472E-002   2.8014026693299911E-002  0.17150896504441801       0.19023050255022159     
  0.20293597961813489        9.3131740568349150E-002 -0.18912621134805455       0.29261793646960765     
   9.7594347985638014E-002  0.25731097895044197       -2.5032040510054223E-003  0.27520876199295974     
 -0.21014268133860592       0.10101606699304171        7.3680426172032520E-003  0.23327768938098320     
   9.8095772966820149E-002 -0.25797656656055334       -6.7431070097112716E-002  0.28411553773556852     
  0.27061405289736135        8.7727123530068354E-002   6.4530496820114636E-002  0.29170567160795247     
  0.17787570225490584      -0.18673852899011742       0.15595926197490742       0.30138735052723536     
  0.15704156465724745        6.1009833230139282E-002 -0.18839768960363440       0.25274085983226613     
  -7.2524106057624799E-002  -6.6602139358395734E-002  -9.5745274649659234E-002  0.13734172179025372     
  -5.6423863619558992E-002 -0.19281068182309077      -0.18718339118606353       0.27458556653028693     
  -9.0780598860883188E-002 -0.14587729452353124        2.0003142938111441E-002  0.17297811397528931     
  -1.8282294020936504E-002  -4.9717782660406870E-002  0.19529003147093252       0.20234697076866071     
  0.12933355591736412      -0.22228239043526313      -0.15958371383126282       0.30266085228192807     
  0.22589883806038161      -0.21594452915053686       -1.9676293544360211E-002  0.31312853787976813     
 -0.15597433099515443      -0.15074027534493453        4.0781407108774672E-003  0.21694988769785151     
  0.16733696991331179       -3.1484847669043810E-002 -0.10400522934097754       0.19952454701810712     
  -6.8209937070066035E-002  0.12298077310624406       -3.2888648480157850E-002  0.14442482220090574     
 -0.12850170208080197      -0.17871981892731517        8.7272844451011966E-002  0.23679106928608190     
  -5.3709707933948921E-002 -0.12616354221854092       -6.3277705860819503E-003  0.13726621139985520     
   4.7473378437877349E-002  0.25118671657420522        4.4543109612691700E-002  0.25948521510406775     
  -2.1764177099686272E-002 -0.18740022240617679      -0.20951832626092282       0.28194051110454049     
  0.17316225260458698      -0.10380484207675160      -0.16115441220069746       0.25832412883318978     
  0.20722362976936948        4.8574936215406699E-002   4.9474233066952811E-002  0.21851511824285000     
  0.16846057183650698       0.10209481363655773       0.18774520781375079       0.27212235904459386     
  -5.7583439913610431E-002  0.20852719352490459      -0.22567124772466540       0.31261310759669803     
  0.12057536938162673        6.3872697706467099E-002 -0.13028119419323478       0.18865664784001862     
  -9.0607211140847993E-002  -4.8063519920628836E-002 -0.22725401287091623       0.24932740528032102     
 -0.13811583913141368      -0.12399625817859292        6.2534166813348821E-002  0.19586112192139241     
   3.6503711836743155E-002 -0.25274272964493893       -6.6596803962163068E-002  0.26390631418025873     
  0.34969530348125288       -8.5600062564565760E-002   3.9273484525160066E-002  0.36215546740957966     
 -0.20722811486580928        1.9804630306307962E-002  -9.0265639005536996E-002  0.22689997919234040     
   2.0770060116205566E-002  0.13448171692708955      -0.17256932137961289       0.21976555295657407     
 -0.11672569813851656       0.11754275761117691      -0.18361228065700652       0.24729467863427895     
 -0.12095839747221149      -0.23147460161334563        9.9046107322403418E-002  0.27932339051147081     
 -0.17460993686938461        5.3864385507571319E-002   5.1688522543730658E-003  0.18280240456095287     
 -0.11326873617428000        2.1466951602719424E-002 -0.20156995791828561       0.23220913965822185     
   1.0575787018280713E-002  0.22349606033670827       -1.2304634312603493E-002  0.22408422586753507     
  0.20552564616690197       -2.3350568448853148E-002   3.6054197211529970E-002  0.20996653403762958     
   6.1305336719169531E-002 -0.11735515408192770        5.5871893785532603E-002  0.14370888982601454     
   3.5715023609421956E-002 -0.10255717240026360      -0.15555205154138449       0.18971024553484847     
 -0.14261502304071388       -1.4728701547718000E-002 -0.16892846758081223       0.22156896579933444     
   4.7272466384183282E-002  0.23026470169815186       -8.0793749775373819E-002  0.24856417466913514     
 -0.14337023908652158       0.17660827718376920       0.21760612696661313       0.31479824573678167     
  0.12525449313456383       0.16139936901714241       -9.5538923534212561E-002  0.22553520851433445     
  0.19331637615292341        7.4199260597435382E-002  0.16821406060616115       0.26678216159953039     
  0.14826498351066553       -5.7734204240564864E-002  0.22533719719671602       0.27584886462550623     
  -9.5446459062196773E-002   5.3645232514021937E-003  0.28792886857151923       0.30338397784672422     
 -0.19346461647580440       0.20793133357503121       -9.9754380939087506E-002  0.30102314500211036     
  0.22654947586570617        3.7150403066913716E-002   3.1732982195345406E-002  0.23175806269053606     
  0.27627968703456329        7.6621751935000856E-002   8.6270684479650750E-002  0.29940606095751049     
  -1.5942913996018430E-002 -0.22709733980245386      -0.19171987827133483       0.29763045875113503     
  0.32201107309030996       -8.9988705505311684E-003   4.3729536704781587E-002  0.32509134600043260     
   8.3094037710671281E-002  -2.8767118421431686E-002 -0.25486755668442462       0.26961015866547672     
  0.21290389311152563        5.0635797502665156E-002   1.9871299394093708E-002  0.21974285023723650     
 -0.19929829529574758        2.1290361593728584E-002   8.6829729753872209E-002  0.21843189321551282     
 -0.18237834837421030        7.6290335591526759E-002 -0.13949177806058330       0.24195047717844168     
  -5.3411497901362126E-002  -4.7832669394461617E-002  0.21017015343538409       0.22206360747434498     
 -0.18412806885508806       0.17575855408241209       -6.9766018283469969E-002  0.26393467445671798     
 -0.20803536152656860       0.10827208150441726       -4.5010483197066922E-002  0.23880431084137219     
 -0.23413306781469767       -6.7673565019878340E-002  -8.0641243327844253E-002  0.25671192993759001     
 -0.14076880393054036       0.11913916005207757        7.8230653876184497E-002  0.20032481330041182     
 -0.28042400994294492       -8.7262936041179712E-002  -3.7460082471250031E-003  0.29371155567460300     
  -9.2934893539827063E-002 -0.15706947754594880      -0.11144873890556584       0.21384231718127564     
   4.9973085564648453E-002  0.14714626649111373       -7.9355597996626864E-002  0.17448966719129183     
   9.3291493533586067E-002   7.6239554673066645E-002  0.11838904032836546       0.16891340187310772     
 -0.15741719255278189        2.0965541053237752E-002 -0.14294524167891981       0.21366578701677860     
   5.2337053828839658E-003 -0.18668698367889389        4.9712334720837713E-002  0.19326338962813164     
  -2.9308907910254502E-002  -3.8943788024040473E-003 -0.20421588420787168       0.20634511293449923     
   9.5329196139527880E-002 -0.23650900413749898        4.8285494689341145E-002  0.25952967782532016     
  -8.1327839912463229E-002  0.18611361549621239       -4.5633123038271113E-002  0.20817030848832699     
 -0.13309796513082042       0.13093843521563500       0.10755054446755793       0.21546939864851411     
  0.16331224211045117       0.11858098593493867       0.17314317131333573       0.26591520532095164     
  -4.5977963194213177E-002 -0.18699881021881021        9.7131300219217412E-002  0.21567804154576042     
   1.3944725812361279E-002   5.5907413686516312E-002   6.0319717789731234E-002   8.3417999480507959E-002
  0.16307445496572467       -8.5110302500941759E-002  -3.3271861760956201E-002  0.18693329890420851     
  0.10891638022556105       0.17404788589839854      -0.17899582327949501       0.27238749827891356     
   1.1746943767691614E-003  -7.1665087989600113E-002 -0.21001570817964196       0.22190958164448976     
 -0.17770550831999826      -0.13555982217916526       0.13174237548369711       0.25944511283622845     
  0.14387262912635965       -2.3304249959051955E-002 -0.19756369975963453       0.24550730526931377     
  0.16209490368056279        7.3178865057647704E-003   9.1495668181531153E-002  0.18627873351004681     
   8.7040069507552595E-003   6.0090168247986749E-002  0.19234837392719337       0.20170395387672885     
   5.6800220145080203E-002 -0.16092871811967899       0.18952239792339090       0.25503540271657343     
  0.30401610595428941      -0.13074380312282657       0.11998602475488983       0.35201758602534505     
   2.4828523601806478E-002  -7.9742909851464698E-003  0.21235720840806069       0.21395239859329870     
 -0.24954119247433887        2.0131060453606048E-002  -9.0878610942634108E-002  0.26633623160089287     
  0.16321893508631133       0.16736315244062294      -0.14131657119469518       0.27316884679589298     
   4.9240758331505076E-002  -8.2945712538692373E-002 -0.18570363435749448       0.20926175790907206     
  0.16781222367484291       -3.5962188742368867E-002  -4.5537532720006983E-002  0.17756094255230506     
  0.26410057050651425       0.13030563949275120       -7.2278853543238340E-003  0.29458600332021273     
 -0.10518245710033611      -0.13055876584726012       -6.0623604386064331E-002  0.17828113200779766     
  -9.3894475860522200E-002   7.4363966713539328E-002 -0.18681421661035114       0.22191377530526077     
  0.15860952871093495       -6.9114301433636616E-002 -0.20481577259358183       0.26811055548722862     
  -9.1278941753259221E-002 -0.18376006491233698        9.2810203692196752E-002  0.22519622681911933     
  0.16284069185861350       0.16801854123214197        6.9531251616392731E-002  0.24409407218142562     
  0.17465846523769521      -0.12968015848535458      -0.17092296365178378       0.27665354233676975     
  0.15438960661178613        6.4069723143100374E-002 -0.15618352754581144       0.22876707440107907     
   4.0442084442754642E-002 -0.17846181670551206       -7.4321852359464827E-002  0.19750422768652010     
 -0.14662351598359022      -0.15012536205783755       0.13541724232235719       0.24974769126175914     
 -0.10249812978372161       -9.3065541891206846E-002 -0.16169150932418686       0.21286428982851544     
  0.16686983075817244       0.18686433054608514       -4.9471033817029379E-002  0.25536484024748463     
  0.10874697561173803       0.23640006733114460        8.1527126043884224E-003  0.26034085976211918     
  -2.4376599929550855E-002 -0.12021455889180697       0.10200862344734184       0.15953531913434932     
  -9.5118638215276233E-002 -0.15682266761532260       0.19702213169028707       0.26918139755506765     
  0.23349126455170627       -1.3650167015350807E-002  -9.8747635186252861E-002  0.25388106100372893     
 -0.11245869701902914        1.6633343981678577E-002 -0.15468691896566772       0.19196788681006438     
 -0.14199543573498524        6.8362532698816134E-002 -0.15133157636037051       0.21848886848139354     
  0.26528302758841260       0.10612642131897340        9.4931626820035260E-003  0.28588113293142259     
 -0.23408928418206468       -6.3142584785273542E-002 -0.12088141951997153       0.27091898524725105     
 -0.12529008280123993       -1.0635910811543154E-002 -0.13382211534337390       0.18362757418783249     
   4.1717763366928319E-004  0.13367452404712063       0.17768064748283330       0.22234987048865387     
   9.0921687750854352E-002  -8.8463398594130480E-002  0.13184074505489574       0.18296040077272974     
 -0.16795506751843267        4.3150188367148977E-002 -0.12650601978801376       0.21464998603272037     
  0.10575078209827227       -7.9826505487626681E-002  -9.6121612154464992E-002  0.16369136573422480     
 -0.12615483945583653       -8.5496388586054101E-002 -0.10253998795589257       0.18368213062075484     
   3.9256396728985135E-002  0.15233556801147205       0.13846644967619759       0.20957134262931146     
 -0.10614352410196407       0.16857442669438355       0.11939169000413725       0.23224590563919167     
  0.17132435491959214        3.0566259470585534E-003   5.2071977683954801E-002  0.17908899578341739     
   4.9495836889740095E-002  -7.3960676446105156E-002  0.25239748201864359       0.26762755549295131     
  0.14714580765230972       -6.1909347175803965E-002 -0.19091136492641159       0.24886101590134654     
 -0.11910288408720326        1.5127998344751453E-002 -0.19096074419009118       0.22556675099278711     
   8.9579685915959953E-002   7.2395931186543444E-002  0.12218333907732173       0.16791205831998054     
  0.12257469485439410      -0.12630708398847407      -0.20339018846895002       0.26897138146976579     
   5.2194011897506401E-002  0.17820708441368463        2.5236848360492579E-002  0.18740031571038951     
 -0.16631288538016764       0.11680420251812176        1.7367539889018777E-003  0.20323930201560217     
   5.2402374138994484E-002 -0.20761441741179226      -0.10703023289887401       0.23938509955097095     
  0.16567189859394627      -0.17977080629017012        4.7762963681036649E-003  0.24451489481202704     
 -0.16768896510233644       0.10537051139523490        2.4156914466501242E-003  0.19806152895994555     
  0.17686252554806919      -0.23749954017700850       -1.5042308776844976E-002  0.29650068394671514     
   6.6850528663775527E-002  0.21182314173902067        3.6543699515836296E-002  0.22510770429534227     
 -0.20718654030918243      -0.10051314640728473        2.2278261185913868E-002  0.23135573476239688     
