   4.9977027377495542E-002   6.3952688486627676E-002 -0.21626675552935351       0.23099558259272349     
 -0.15175178729262429      -0.14493019086753056        6.7189391244793006E-002  0.22033560644446598     
  0.11455243406146112       0.19875588869465985       -9.0088807905478185E-002  0.24645923953067689     
 -0.22900058276469532       -7.5764795342622600E-003   7.5811790738587001E-002  0.24134228300008781     
  -7.3547184743791488E-002  0.10565133134357374      -0.11104453359621910       0.17000670763240147     
  -8.7648002336709260E-002  0.18895849431022310       0.10628429523719743       0.23384575322137061     
 -0.12136699952051536        2.5105129204883593E-002 -0.14219980165965562       0.18862926516596534     
  -5.1007367863532285E-002  0.11505196669863707        9.3930517645887918E-002  0.15704027751763069     
  0.22412388446778492        5.1629704111426325E-002   4.3712122219182296E-003  0.23003532213956074     
 -0.17087962212054422        3.3739185110374693E-003  0.18285542868265961       0.25029449930211878     
  -6.8501555733779029E-002   9.6278472614462429E-002  0.13537654352972345       0.17969089004447869     
 -0.11117125795038171      -0.10875376340167169        2.5218584467199399E-002  0.15755128260609738     
  0.13300132638474776       -4.4309329717504675E-002 -0.13357962814451446       0.19363932083991492     
   8.5108319279683584E-003  -8.8564820942674205E-002  0.24097165395127654       0.25687253604994020     
 -0.19650954689669406       -4.0168986404371304E-002  0.17406833949560974       0.26557359865968871     
  0.23067692370697199        4.3594478527208769E-002 -0.12901334174207160       0.26787453039889403     
  -6.4827288957180998E-002  0.16281720970199270       -6.7831669715400736E-002  0.18791795173708051     
  0.18521721959430509        2.7780703327854320E-002   9.2239872744102946E-002  0.20877111877719962     
  0.28932365148035805       -2.1084606774728832E-002   7.2243994204101818E-003  0.29018085377184732     
  0.14155071614231385        5.4791538439236287E-002 -0.10061583390895310       0.18210509042345371     
   2.8647072736659375E-002  0.25335160813378732       -4.4115287062821293E-002  0.25875442155254219     
 -0.18297224346609897        1.6128189376583141E-004 -0.26551205919232440       0.32245235534480909     
 -0.13328273690489950       0.24108629366275486      -0.11445922184845056       0.29830823390422456     
  -7.7262138085256241E-002  -9.1298872538390932E-002  -3.4789668680576494E-002  0.12456019892080632     
   5.3046014219617355E-002  -2.5008519109279141E-002 -0.21532161443192907       0.22316519283750177     
  0.21448111748479745       -4.6906002634505374E-002 -0.14930291591203707       0.26550646609925060     
 -0.19337730398370714       0.11600417073958164       0.10763653367595255       0.24987471402036573     
   2.4495997478622671E-002 -0.18990542761312310        6.0285155664063964E-002  0.20074467694769951     
 -0.17420970860115037        6.0845637321614562E-002  0.12146227134977054       0.22091694709418849     
  -1.1385754756496613E-003  -7.8529229012998039E-002  0.17027842433595794       0.18751767372124206     
  0.17796630875478800       -7.1140330418741043E-002   4.1832108733727532E-003  0.19170407642275969     
  0.16070402943028853       0.19394965109283069       -4.4106076847453698E-002  0.25570998855937421     
  -7.8934475432830969E-003 -0.20841768814675873       0.12566883189293740       0.24350132351979834     
   3.5745249099123730E-002  0.12931029246250453      -0.17394354374150894       0.21967073309672158     
   7.1390572829252791E-002  0.23734555473954916      -0.14177437545516258       0.28553371040774606     
   9.0367251753860373E-002  -4.5970744388119981E-002 -0.24344888169968734       0.26371747672456564     
   1.3444661179833957E-002  -3.0642423014403120E-002  0.21990155206354628       0.22243293281884027     
  -2.2360729290527008E-002 -0.31563010806486153        6.7323113830847547E-002  0.32350389331091772     
 -0.10610991079009725      -0.18732420606674099      -0.17653234568704185       0.27841217721246764     
 -0.17292348658978732      -0.16006203226449645      -0.14340098126630463       0.27583732128765337     
 -0.20901299862091835       0.10269894932170949        2.2449604581597119E-002  0.23396045078209510     
  -3.8483766131571603E-002 -0.11765766919689780       0.23169333747709539       0.26269017874254713     
 -0.14732686890560256      -0.20609678964361552        4.6097342322004367E-002  0.25749962712999291     
  -5.6605013248497121E-002   4.1481758095287639E-003 -0.13304268953231263       0.14464332727575310     
   2.1635096469385866E-002  0.20974556205765857        5.6949643570811212E-002  0.21841369028741117     
   6.5114097664355025E-002   5.8467998634856326E-003 -0.15542947261762763       0.16861895427703458     
 -0.25147545624828155       -8.3414847046783092E-002  0.13484082511179946       0.29728772245074381     
   8.2834015828115753E-002  0.11165070156074122      -0.17154833882652770       0.22080802949929013     
  0.10206920427145659      -0.16995269260008300       0.10455915548714585       0.22413089295947530     
  0.10324298863330718      -0.14341298070891129      -0.14141230245931435       0.22632683673085779     
   2.5678672750410657E-002  0.15798284576280655        9.5091579666448989E-002  0.18617299028859696     
  0.14916091130262349       -2.7294560942066833E-002 -0.16222196804304895       0.22205840995875231     
 -0.20317689144184037       0.13890265804843227       0.14322893684374968       0.28476187592140900     
   4.1655334607423301E-002  -9.1177146224154210E-002  -3.3630370306193078E-002  0.10573287427176502     
  -7.1515086914209769E-002   5.0910422683269757E-002  0.18709475771318157       0.20666573774549638     
 -0.14379070830416607      -0.10954222557550193       0.17491224448224563       0.25153441165865315     
 -0.23570727799269417      -0.11824254208174331        7.1957453466941990E-002  0.27334427882457163     
 -0.14868008895345741        4.4128176669474009E-002 -0.14721936506491512       0.21383780366786662     
   4.6535701739054122E-002  -4.4065248886571706E-002 -0.22753883321031471       0.23639212828369124     
 -0.21152881771145313        5.6006918047795298E-002 -0.15071063778550467       0.26569703034345571     
 -0.13276061012786558      -0.21238612035660087        7.6203324459745824E-003  0.25058194904709091     
  -4.1775971424044503E-002   3.9197623838191781E-002 -0.17917168181943466       0.18810682355775321     
   6.6574998909352492E-002   6.7031157399339306E-002 -0.23587244907074156       0.25408899774036825     
   3.1252756152368624E-002 -0.10491744220567321       0.16418688150323582       0.19733660710536652     
   9.4002120621065610E-002   5.4101327581996622E-002 -0.16987193439494147       0.20154360923252113     
  -9.7353772287242332E-002 -0.16306694725806761      -0.15397605777831599       0.24449378854190335     
  0.20083585669807275       -8.1393592935824016E-002 -0.16072444857451218       0.26980049421050445     
  0.10761519033795115      -0.21292888912929647      -0.19713335061568429       0.30948553914888494     
   3.9399564460900482E-002  0.15332593228037333        1.0359532133421267E-002  0.15864579129424666     
  -5.4363062137769549E-002  0.11154424764842549       0.24680936218674265       0.27624685151413941     
  0.16323714186935467       -1.1408987391830126E-002  -1.0026810126253817E-002  0.16394226544820803     
   8.3261191040967783E-002  0.10771454503074789      -0.16866955504279429       0.21675854756635496     
  -6.7220650316386112E-003 -0.12666889940391296       -5.7061832272083952E-002  0.13909079386046957     
  -8.7020120360769379E-002  0.17226515822081878        6.6186389442134369E-002  0.20403044927616171     
 -0.13477650675704944       0.16452040199605816        3.1209862113866921E-003  0.21270028209080785     
   7.2316009610445403E-002 -0.13060101895695791       0.11632937665908515       0.18925843514217541     
  -5.5774532361516235E-002  0.21245853335158629       0.10946707620429066       0.24542303809294047     
  0.13106144763711935      -0.26081582553422378       0.15845946379220877       0.33213159977808548     
  -9.3352803608656235E-002   1.5869199052695106E-002 -0.14456462175316051       0.17281639760973139     
 -0.15875554909050862       -5.4275521091844504E-002  0.11683903572211179       0.20445174693627116     
  -2.7192771487063915E-002  -9.5067416105352465E-002 -0.17808371238490528       0.20369356652306320     
   5.3752883960953957E-002 -0.11771956973469475       0.20007604838740975       0.23828070583025091     
   8.6875915780717197E-002  0.11099314699629741      -0.17153794868246178       0.22201840297837214     
   4.4669495354614064E-002  0.20268182310441873        8.7613582066898468E-002  0.22528076925197130     
   7.2708843683551211E-002   9.2001869822101207E-002  -5.5230247935844336E-002  0.12961982983948397     
 -0.14754920285482440      -0.20390872656438391       0.10563931192072924       0.27296373432250653     
 -0.10527180681145466        1.8916470981314625E-002  0.13330149662583515       0.17090721221300958     
   6.9608880994609865E-002 -0.14348007424944473       0.14735154806327797       0.21712762775978658     
  -2.7263473349181281E-002   1.5333096139178029E-002 -0.21368585366241874       0.21596306367458171     
 -0.19432952830419939       -3.2885138869944222E-002  -4.0510097410947056E-002  0.20121248947734971     
  -9.5183820175487696E-002 -0.21797973303294199       -7.2912584816433965E-002  0.24877975934735108     
 -0.10435650024393249        4.9462802616437360E-002  0.15535648310778469       0.19357811040883191     
   6.5016419131430206E-002 -0.12351485740458047       0.17108256473088726       0.22079922715273684     
 -0.20808840218873748        7.4760315168247021E-003  -4.5270205566641533E-002  0.21308699088576077     
   4.1751326514842285E-002  0.16158386828118698        1.7754908889848552E-002  0.16783252528681020     
  0.17799936685940090        3.8656220377134620E-002 -0.14943470619370430       0.23560307593788310     
   6.5876358074458380E-002   8.1670517104800278E-002  0.19592937494308107       0.22225680615654086     
  0.20541932756541373       -2.6691885776152328E-002  -8.5087640772937942E-002  0.22394075894311521     
  -1.8424531590423205E-003  -6.0211867330044702E-002  0.25085965214985673       0.25799114069626750     
  -5.3818303517625857E-002  0.14229589382684288      -0.10508741647677824       0.18489969252343089     
  0.16312698414004079        8.7104316809349866E-003  -7.8980170045404002E-002  0.18145013594675063     
 -0.15592460785720605       0.11800540430432754       -4.3933644564523443E-002  0.20041937008476296     
  -1.8625408729573533E-002  -5.8825352006446452E-002  0.25320379470366372       0.26061367873034041     
   3.3603134489567033E-002   9.7627411469513356E-002  0.15771151484324530       0.18850253057164187     
 -0.19882310804361164      -0.27125867459779479       -2.7720582716670661E-002  0.33746159417454569     
  0.12608356300449658       0.21527835796706912      -0.13790744593517548       0.28506192294529581     
  0.11536280480503712       0.23364606624556686       -4.5748981885610204E-002  0.26456006945131161     
 -0.24433396418770578        8.5428659610973776E-002  0.18021357428018070       0.31539510822687933     
  -7.0170427270851904E-002  0.23476777188088768       -9.5194878717820397E-002  0.26287232739752386     
   2.5841854322714634E-002  0.17885982597740827       0.18466182347087751       0.25837691040627975     
  0.22188522679173478      -0.10243000496129387       -5.0424679404276113E-002  0.24953478330247730     
 -0.20425515791770268       -6.1323742726464341E-002   9.2369035832365110E-002  0.23240656130705090     
  0.17526580167855105      -0.20849544674185899       -2.0774578933118522E-002  0.27316668113069886     
   6.1176845759783896E-002 -0.22228562140965882        1.0685772442584035E-002  0.23079794122844607     
  -3.3917567085360575E-002 -0.16065961548263030        7.3211639909629866E-002  0.17978280680385950     
  0.15089989093867412       0.12109717485536070       -7.4571008768269151E-002  0.20735510167818594     
  0.21926890129192289       -3.4843830022387570E-002 -0.10131150180528926       0.24404295515838845     
  0.20058568597099638       0.10863238324334630        7.1861564511195283E-002  0.23916458048712214     
   8.6901750962456920E-002  -1.8745660563523007E-002 -0.23848967298548335       0.25452040828001687     
   6.2417206758908127E-002  0.27238396031431183      -0.13194261968117849       0.30902715806935965     
  -3.9057190036654803E-002  0.16955011354433067        2.5651869792756611E-003  0.17400944020567802     
   8.6525971141310498E-002   1.0210716595073582E-002 -0.12574399228821659       0.15297893322909165     
 -0.15627737109523637       -4.0890177331026997E-002  0.12615104492378010       0.20496026310961507     
  -7.8311254394651739E-002  0.14902925991886004      -0.14730755487885902       0.22370044390035321     
  0.16597796006603774      -0.12159225330209428        3.8131898841808572E-002  0.20925439302448537     
   3.0374601511185744E-002  0.12622304779963553       -3.6269222134929897E-002  0.13479736899162864     
   1.4710352826165670E-002   5.8663102835644798E-002 -0.15376108515809900       0.16522779857993597     
 -0.19497324786106027       -8.5805831864797955E-002 -0.23190045396182468       0.31488891487507270     
   7.1950594490832936E-002 -0.15724884362353403      -0.22620651613994711       0.28473404224415294     
  -7.9559180100424176E-003  -2.9235606640656227E-002  0.16944189323117559       0.17212952247884383     
 -0.13087334531558376      -0.14775818708388308       0.10065224059322446       0.22156531294596671     
   1.6108592497554759E-002  -4.7336857815851140E-002 -0.15143857395129964       0.15948011330737646     
  -3.4952189516600868E-002  -5.0828311042782889E-002  0.15118418708029477       0.16328450991626803     
  0.13837943617467116      -0.19696624622249315        9.9171392457446439E-002  0.26034503181153379     
  -1.6470495772967001E-002  -4.8780227132885580E-002 -0.22524173355471594       0.23105113357193657     
  -7.5168852687800408E-002  -9.9820240989895503E-002 -0.14540073063393261       0.19171804660637057     
 -0.15113507888904001      -0.13508266568620828      -0.10198247397572405       0.22691311914011822     
 -0.13163820422214345       0.25246720059862382       -5.5360775884320347E-002  0.29005709730232498     
 -0.16627219204410684        9.8435904974174801E-002   3.8292846877024798E-002  0.19698327684649880     
   5.8092873810047983E-002  0.12334703755966298       0.23755591236600074       0.27390159758989741     
  0.12173200640030095       -5.6067279574916001E-002  0.19768715738601064       0.23883557820504056     
  -1.3177218616937405E-002 -0.24150145662852726       -1.7207444703967546E-002  0.24247203714535642     
  -7.6640384882313978E-002  0.19599629059378695       0.22318324314632063       0.30675569194840230     
  0.21255851837307649       0.11824164263710259        5.0581130788969787E-002  0.24843643166485999     
  -7.3636400125496257E-002  0.17695414620771713        6.2203108948811599E-002  0.20150512660089331     
   2.5968169372199337E-002 -0.30788795167211480      -0.13573724174806912       0.33748175565912819     
 -0.22010868767945468      -0.22749066290502146       -4.2158650461191299E-002  0.31933867274360417     
  0.18089704514544308      -0.22557065850959168       -2.8753322633839368E-002  0.29057291079054320     
  -6.8160461197703484E-002 -0.19713568401581197       -6.8637451609265876E-002  0.21958922138046763     
  -7.8214570023647026E-002  0.12945219686709972       -5.6935339965216110E-002  0.16160762102901291     
   3.3655498413109303E-002   6.8309807608506815E-002 -0.12663186724437536       0.14776519275777744     
  -2.4060836607937841E-002   2.0477674667980297E-002 -0.17682763097360993       0.17962814393580059     
  -6.3572750852259913E-002  0.27719833875625638       0.13471463727862204       0.31468785670448501     
  0.15326671768014866      -0.10648899910251972      -0.10799206891368082       0.21562207824469187     
  0.17312600092613589       -9.8174280169812653E-002   5.2897069841085866E-002  0.20593421639278403     
   7.8546416139402414E-002 -0.22455721969103956       -8.3861769274142725E-002  0.25224646825972313     
  0.11660615056845886       0.26358811407262123        5.6285018441808443E-002  0.29367276266577735     
  -8.4904655339237162E-002 -0.16867266904411837       -9.8535846760041540E-002  0.21299902083685673     
  0.20050499628433985       -9.6745821213220146E-002   4.5204387643674807E-002  0.22716831671569676     
  -7.6940058583222573E-002  0.10199369297116620      -0.21771816841713448       0.25243551033798312     
 -0.13705865714481660        5.9100805756302291E-002  -3.5398873771020072E-002  0.15339837353649216     
  0.12514571989621595      -0.22192006576751269      -0.10365302315909090       0.27505256953647667     
  0.14397624289514196      -0.18395692165446684        6.2979136306653596E-002  0.24194147877683278     
   2.4711835195779051E-002  -9.4308530534219615E-002  0.23320402956209618       0.25276252319967496     
 -0.23076077909548337       -2.7551245740930194E-002   9.2190864654765073E-002  0.25001752705845409     
   3.8144693196748486E-002 -0.21383765946911282       -6.3191252537077039E-002  0.22621824997887985     
  0.22917903323020355        4.9067664385580807E-002  -9.1263473237946494E-002  0.25151478387570009     
  -8.8338899513975173E-003  0.21527446762570190       -2.7286237225927733E-002  0.21717659350204474     
 -0.15208850627684173      -0.18404995076744360       -8.1797402388533363E-002  0.25238088904774664     
  0.20801400669660736      -0.21456427097030814      -0.14374215310905961       0.33161643496579651     
 -0.14899558525558695      -0.17311489364245622       -2.8031817733581536E-003  0.22842134019077179     
  0.16486435486298343       -5.9595446190678115E-003  0.17158479153524464       0.23802754538634335     
  -4.2045086455053386E-002 -0.22363970850783024       0.16319079899978634       0.28002454427187068     
 -0.20175362445837761        8.8491908589313592E-002  -3.9742327506498129E-002  0.22386334104427472     
 -0.12348926246384989       0.10183490587596508        6.0357352081121050E-002  0.17106418663436446     
 -0.16193805005652018       0.12343736896574933       0.15320253624302343       0.25481705834694324     
  0.19693504396122777       -3.1971584443310608E-002 -0.10429875524087097       0.22513068226392768     
 -0.10048156577076414      -0.18677169715041841       -3.7630697022998968E-002  0.21539796023785546     
  0.15168848821496039        4.7006149848139590E-002 -0.10801253961197853       0.19205646121366279     
  0.12231947566074952        9.6468220739339999E-002  -8.4655759136226666E-002  0.17729853156037573     
  0.19791664723297486      -0.17933644398743070        2.7172868546027733E-002  0.26846028417443502     
 -0.21731514847763814       0.10015968079161060       -2.1373332383169918E-002  0.24023874531660522     
  -9.5529062836935200E-002  0.11953414815680367        8.6218847149144018E-002  0.17563571398153413     
  -5.1224849482919839E-002  0.17445497127157145       0.15280173468837074       0.23750135226917732     
  -2.2130483384211697E-002 -0.14190666732769480      -0.14068150872236881       0.20104364556800558     
   6.0198304585885390E-002   5.3081335487382697E-003  -4.9763644679611911E-003   6.0636427666084167E-002
  0.12340635718959732        1.2387626263928340E-002  0.20102319767761773       0.23620522492907692     
   6.9418618284361633E-002  0.22242067662606044        7.7333457777674780E-002  0.24550023553380934     
 -0.18616996225587745      -0.23187111867221444        7.7591857180667800E-002  0.30731737149306115     
 -0.14730728633022555       -3.4385689017363538E-002  0.15981136638003371       0.22004882421732513     
  0.11739060875428950        5.9626335524745458E-002 -0.15184711709051713       0.20098109831651684     
  0.27926816679953359       -4.2592047225268562E-002   6.2182815636516495E-002  0.28926025311974096     
  0.27605042516284761       -4.7369237594903385E-002  -5.6870509299314607E-003  0.28014286435886776     
   9.6934067050921668E-003 -0.10164422016180190      -0.11360570152104056       0.15274738964689033     
 -0.17579611307994750       -1.6062934787908746E-002  0.14814905150169400       0.23045700837438179     
  -6.7176458936699379E-002  -2.1722363218697163E-002  0.23654754943768147       0.24685882776204587     
  0.14077595677383969       -5.8168085027878139E-002   6.8948239735705061E-002  0.16719825323265999     
   3.3551437934885242E-002   9.2631753561227437E-002 -0.18974261343295423       0.21379569712156027     
  0.14837308274007852       0.12147743926604948      -0.11792926778925963       0.22511919539155659     
 -0.15002222354593231       -8.5848429375996682E-002 -0.20570665246352440       0.26868540572896843     
  -5.0320347480889233E-002 -0.18507896400955198       -2.8036644283443962E-002  0.19383604853618649     
  0.12999583982235585        3.4442106741421417E-002   7.1962915381389270E-002  0.15252487757115576     
  -1.3466372456160246E-002  -8.7551619456605667E-002  0.26840642535102621       0.28264578260840606     
   6.0775931716716358E-002 -0.17788554973182602       0.25310805153117849       0.31527871547146763     
 -0.11539543571660338       0.23820988275511254        4.2719441306996231E-002  0.26811379205854202     
  0.15437894862466331      -0.13420013130470262      -0.17751746187316719       0.27084125293342454     
   2.1229661673019481E-002 -0.18899042849492453       0.13047620891004205       0.23063417285602536     
  0.22461320058869408       0.11244758602248940       -9.5072781461635711E-002  0.26857844897875560     
  0.15963595846681300      -0.13412085793326231        5.3506753754436982E-002  0.21525570019330578     
  -7.0696591090646646E-002 -0.24815008591333029      -0.24702602110876204       0.35720908196105239     
  -5.6259672147109710E-002 -0.11640940689395116       0.10832749342491363       0.16867467668629590     
  0.11123097855583396      -0.11023670354829802       0.21468448085176040       0.26573273738527892     
  0.11225873915873408        5.8653745297721049E-002  0.11718072484372126       0.17255030753336414     
  0.22761577037643035       0.12796524141896790       0.11533044868861117       0.28545604623161686     
  -1.5092226595981155E-002 -0.12011173850663763       0.20061773577679412       0.23431193085056279     
 -0.11940831755274905       0.16167169866686601       0.15618729269649817       0.25453988852529513     
 -0.10396308320856119       0.19730914689600021       -8.2403273990677151E-002  0.23775937769821029     
  0.22055372743164361      -0.13996839312871903       0.10227601208074293       0.28052714736040729     
 -0.12636146928959441       0.13310640436255414       0.21747635595410733       0.28457073145780554     
 -0.24758915976931922        1.5371621936621244E-002  -8.7049351426946951E-003  0.24821856234391176     
 -0.19516407712671688        6.5882251530496996E-002  -9.6398042372114936E-003  0.20620963579130469     
   5.6642076852960660E-002  0.16289583009364864      -0.22914194914201561       0.28679157795987947     
   9.5601547483570651E-002 -0.22790423914337374        3.7075914517698386E-002  0.24990922659657280     
   8.9832583625963164E-002 -0.12474109415909508       -7.9820195811846309E-002  0.17320940307144234     
  -3.5815723856452167E-002 -0.20010120965519720        9.8935396863176900E-002  0.22607846631934927     
  0.15672847771680556      -0.22156536683890191       -4.1889193103896286E-002  0.27460832472592656     
   2.3353752983498458E-002  0.23302457430914630       -4.5455531642076587E-003  0.23423601786220186     
  -6.4668927990947769E-002   9.0680180185551282E-002 -0.13313214440692900       0.17357745591052379     
  -5.1741567573952603E-002 -0.13746753635471270       -8.0779812332450310E-002  0.16763022235536781     
 -0.16591870255371285        5.3718141426556024E-002 -0.12972933672931880       0.21735766695393999     
  -2.0195006184606488E-002  0.19567907514624722       -1.8909504894823258E-002  0.19762517071530719     
   1.2803365300409781E-002  -3.2872216620529048E-002  0.18254448219158562       0.18592201797301158     
   6.3363501660488554E-003 -0.10299586552538972      -0.23606790310527132       0.25763608544858524     
  0.12062569145444692        6.6808482779138284E-002  0.18397912516925366       0.22991791863218872     
  0.10321395408333887       0.19326327122054240       -4.8693842060704168E-003  0.21915182687563625     
   2.1535568150029286E-002  -9.7222394899433615E-002 -0.13107611236344541       0.16461142730029571     
   4.2115881030599697E-002 -0.17888611041769298       0.13147671912293540       0.22596485480420603     
   6.2832294387400747E-002 -0.15548875924131161       -2.0486340827732971E-002  0.16895070768983952     
  0.18892773970517066      -0.12460935464022031        1.9862580696788146E-002  0.22719089815812016     
  -4.4688048000085176E-003  0.11036677364293662       0.16485362077119214       0.19843767591378364     
 -0.14649239748042861       -6.5973654814235130E-002  -8.9867497787195924E-002  0.18408887203642538     
  0.19377587150843992       0.17014376803983861       -8.8173130724332263E-002  0.27252979867049404     
  0.21353912021660770        2.6590709324602248E-002   7.6806118409571647E-002  0.22848457608865738     
  0.14635897662481909       -8.0571498063380667E-002  -8.4180417480214889E-002  0.18708035446295521     
 -0.12679469112918038       0.12013357692666252       0.13695541995807028       0.22195890849350919     
   3.9119985682980939E-002 -0.12251019693446590       -6.4934125311661872E-002  0.14406790851105203     
   7.9200976697974795E-002   5.6964949853287962E-002 -0.13659099931352969       0.16785380935555030     
  -6.9374284262095506E-002 -0.23895305628110214        2.6629584504806417E-002  0.25024086235836107     
 -0.13052789369147838       0.24358523006353083        4.9134664435584119E-002  0.28068756756549545     
  0.11980403551555660       -3.3352520511801764E-002   3.5970550994383836E-002  0.12945763047863371     
  0.11510493670802757        9.0856253791139666E-002 -0.19943733220940937       0.24754646995327026     
  0.16851140669597153       -9.8354315426911088E-002  -8.4088349315406263E-002  0.21246297569303982     
  -4.2652149621442495E-002 -0.19551038040576410        3.2847049917746878E-003  0.20013571395585419     
 -0.12962162407520783       -3.0663325863342292E-002 -0.14558171376808204       0.19732217403157656     
  0.22607240293726644      -0.10596111445531997        5.9724387263099595E-002  0.25671675360286844     
   3.1317396686986042E-002  0.16860527494499949       -6.7021467645000422E-003  0.17162003625970312     
  0.12314106267301875      -0.14992434636023760       0.32324411785659268       0.37699839611949493     
 -0.22150028640129657        1.1956908259467651E-002   9.4251662462070479E-002  0.24101601691141980     
   8.8077963350725819E-002  0.17614535055748165      -0.19109582653227297       0.27441305921745501     
   1.3007136034586260E-002  -1.8534011369259404E-003 -0.28116823873002411       0.28147504179614297     
  -8.3795608146442525E-003  0.23303131065143887      -0.10043874354806476       0.25389318618050316     
  -4.6282069196230000E-002  0.17316457498970139       0.13875834078538440       0.22667570910435333     
 -0.10657015152597199       0.17774930641452655       -4.8155286943738732E-002  0.21276969894171419     
 -0.12381699462682501      -0.17671513627685942       0.14091114191641713       0.25771076318997010     
 -0.33056908657626499       -3.2698853627714575E-002   5.9004833712433077E-002  0.33738213709362969     
   9.2170001097534413E-002 -0.21743537032586527      -0.10137103704594087       0.25700104381662575     
 -0.20635308691434373        2.5899889373036764E-002  -2.4523790385586018E-002  0.20941302978442006     
  -8.8667684331156064E-003  0.11273220486025172       0.14990009534319862       0.18776902880667060     
  -3.9165104532366823E-002   3.1761260352194294E-002 -0.19808445743639583       0.20440189664008110     
 -0.19022922509357823      -0.14169453980194954        5.9429183017369316E-003  0.23727582887291879     
 -0.23023716862299448        2.6384888690388159E-002 -0.10257236259739330       0.25342929139219189     
   7.8357708862869413E-002  -4.3391852353305092E-003  -5.0640611910303269E-003   7.8640980299658103E-002
  -8.6193995024565706E-002  0.20507323776556324       -8.3589530478974328E-002  0.23763763849954719     
 -0.13298230864391672       -4.8220303111161378E-002 -0.16011644864197280       0.21365104532886264     
  -5.1450649485838357E-002   3.5357008011673761E-002 -0.22525486864539626       0.23374568059433073     
  -8.6439576989584099E-002  -4.2981462817797411E-002   4.1037981470252574E-002  0.10489672320548785     
   4.1994697879267816E-002   6.0224557303665244E-002  0.20849032758494807       0.22104019690742316     
   5.0496178927385699E-002  0.10737020443154816      -0.12090584786718661       0.16940026249809140     
  0.10219675304922085       0.17533437383981512        7.3973050021157685E-002  0.21600539602759042     
  -7.2456072767505389E-002  0.16898625712825280        8.8894729080741891E-002  0.20422661539927772     
   9.3079417912608736E-002 -0.25478150278102252      -0.12511242286597729       0.29871476453918605     
  -2.0795703867490561E-002  0.19315777854709951       -1.9256355423237843E-002  0.19522601244911181     
 -0.25466976790387602        4.4156101981002269E-002 -0.15666340887357569       0.30224141957425343     
 -0.14139115772127969       -3.6131069180064999E-002  -4.9693203736875649E-002  0.15416331645204401     
  -7.0261321045006903E-002 -0.12943200900903087       0.12058984068734618       0.19034497069295767     
   5.7743973198584223E-002 -0.15716423258946285      -0.11418684800716052       0.20266622487233527     
  -1.2029024084834264E-002  -3.3859854189162340E-002 -0.22542061223554996       0.22826659757133771     
 -0.20624144127529082        6.0016250671065093E-002  -7.8353854776777740E-002  0.22864122332226472     
 -0.23103071492335830       -8.9212112079641206E-002  -7.6342920819826757E-002  0.25915677444167046     
  -5.1519962433630974E-002 -0.11527604732525110      -0.14313767800576943       0.19086976837880745     
  0.21921177135117415        6.9316377394425699E-002  -5.2861612279791803E-002  0.23590869192724742     
  -3.0361309223902146E-002  0.15973645265774025       -6.9747041321578662E-004  0.16259775481366651     
  -1.4672022583299821E-002  -5.1632696485937463E-003  0.28246814813558835       0.28289606273558782     
   1.6369948406057898E-002  0.18380471606601254      -0.19981990521897744       0.27199291053379610     
  0.12991342086369592       0.11130489984659787      -0.11356147587158084       0.20533505899504986     
 -0.14686862366689130        3.0666945619728499E-002  0.23543816155881594       0.27918091283188656     
   8.6037380618703585E-002  -1.7472930782689647E-002 -0.11977922100286155       0.14850857200147299     
 -0.15981162868214022        7.0303052766187424E-002  0.16177221596678387       0.23801791056365351     
 -0.18862567136580793        4.1050816948171788E-002   9.0781255193515070E-002  0.21332147047314343     
   5.1267376400019063E-002  -1.8880378933037206E-002 -0.12067899497546798       0.13246974152569835     
  -2.4828329312253955E-002 -0.20485189909071505      -0.14728714310536559       0.25352366560471368     
  -3.3216553367266304E-002  0.15655653550072487       -5.3416186174658264E-002  0.16872041124604908     
 -0.19386534512426482      -0.15209562258088685       -2.6046688731794720E-002  0.24778071039188845     
   3.4465586110978969E-002  0.15821808494394698       0.15464598666323684       0.22391118824290437     
   3.8435277919447348E-002  0.23912961171358518        5.0284018994559469E-002  0.24736354693705456     
  -8.0915320249254130E-002  0.20566354273212870       0.18491521003206113       0.28816387136726695     
  -2.8855702881697212E-002   6.8647608379628272E-002  0.16738729141824646       0.18320385108773385     
   8.2561701019011821E-002   3.2929455533160321E-003  0.26294665522228594       0.27562333257211286     
  0.16488107339784749      -0.18876030730497112       -5.3755668596397674E-002  0.25633160921926745     
  -4.7443221969469554E-002  0.20376889159958111        3.7519070866645909E-002  0.21255658346252793     
  0.24586068152777463        8.6216521523574341E-002  0.11489834232651824       0.28474970127167570     
 -0.16169572525198037       -6.5534794742744124E-002 -0.15350714720068015       0.23238924486393256     
 -0.11295316579531874       0.21528498760961517        7.1182730395431895E-002  0.25332395200573843     
  0.16122226013002217        1.3780003019689400E-002 -0.23921199425485246       0.28879903711757549     
  0.10662667516022661      -0.14360164396337122        4.7909708513376330E-002  0.18516484594691293     
 -0.25065558422839568       -4.0883484951218171E-002   3.0854517718843715E-002  0.25583526439937337     
 -0.21487104248998504       -5.3778446914036063E-002  -7.3147399550523240E-002  0.23326428855318304     
  0.18830898438081470       0.12383426779132178      -0.11049877975539309       0.25100832616743529     
  0.11213827602911101      -0.18454507507143084       0.22223020919800213       0.30986794536397100     
 -0.17938691562839218      -0.14033663592553169       -3.4177848346026246E-002  0.23030884090526593     
 -0.11398301230694638        4.9169173740624114E-002   7.5401614871702605E-002  0.14524165472123254     
  -8.9857485845998841E-002   3.3859195125410246E-002 -0.16087560320198849       0.18735467051212823     
 -0.11121920114400748       -9.2715716699675779E-002  0.22176310561429913       0.26484861683222838     
   4.8729455362167350E-002  0.19368857747778626        9.9745065066660227E-002  0.22324628299350058     
 -0.22264985597414086       -1.6602270067831632E-002   7.4216384017816800E-002  0.23527997235929568     
  0.12950659909320403        7.3847156763487375E-003 -0.20045534968269879       0.23876524129512955     
  -3.1045480364638167E-002  -9.6153923170586714E-002 -0.21492201559635793       0.23748867674094981     
  0.18008859420872836       0.14744943704970273       0.13275250597072805       0.26794862584431828     
  0.18426737286631867       -2.3487148738068710E-002  0.12065548977571579       0.22150362992943690     
   4.3975855261796828E-002 -0.12763437323828250       0.19626603586206715       0.23821159902688605     
  0.18118755345332033       -1.4048545510987491E-002  0.15315566717227541       0.23766141787079975     
 -0.19671435312512434        1.6620942547029612E-002 -0.20019669710724339       0.28116100367802987     
  -5.7353340354756553E-002   1.2324501677229465E-002  0.15780172047107630       0.16835284961969690     
 -0.15009420227989362       -2.1340081633648585E-002   1.5793334134185783E-002  0.15242407305029756     
  0.17103306581867156        1.2334025007091843E-002  -6.8642512490949839E-002  0.18470579930603101     
   5.6145488204388791E-002  0.15688152957025370       0.10567118853725954       0.19730821131642898     
 -0.22811764716650115       -4.0654106964132533E-002 -0.10290590542979003       0.25353509172135585     
   1.1244981531076878E-002 -0.21641463153236123       -3.8891111287701320E-002  0.22016871005688868     
  0.25202560939338020        7.0844911118849593E-002   3.5101673953930546E-002  0.26413639797633037     
  0.11167695047875054        4.2776876260191235E-002 -0.23312464851449988       0.26200897724280769     
 -0.24370810401645804       0.11963060885749409       0.13221452967631389       0.30196987332586733     
  -4.4344841923977911E-003  0.22216343827693907       -2.0835266115989411E-002  0.22318236102167222     
  0.22008726300736972        3.1964140642506869E-002  -8.7768295437439733E-002  0.23908865156900025     
  -4.1666346749153579E-002 -0.23794868709436184        1.8427543546678860E-002  0.24227099806315233     
  0.16478541054390142       -8.7754559014069616E-002  0.11304448457510051       0.21825249058997265     
  0.21350574055095467       0.12046941992555391        2.3444824944543561E-002  0.24626660797211486     
 -0.18923192012515042      -0.14482072552104008       0.13059808651586063       0.27173079018818597     
  -3.6535117201333206E-002   8.8046831063341296E-003  0.19528546285718140       0.19886867334213726     
  -9.7326858123386720E-002   1.2803002018707016E-002  0.12475127047346084       0.15874291687380399     
 -0.18474348957488776        1.3161972257450054E-002 -0.20983600604025163       0.27988308967305808     
 -0.10016899495718359       -2.8412485002220773E-002  -4.9149381994117738E-002  0.11513799809418869     
   9.0513074145282799E-002   4.1903926376961942E-002 -0.22086824707175443       0.24234549346250461     
  0.14073106322013149       -9.1527172002769941E-004 -0.15502979766154201       0.20938077285263990     
 -0.12448621239572441       0.14103388741330430        6.4555086749579438E-002  0.19888371904403770     
 -0.18579674019658329       -7.7261416509658232E-002   1.8302701423050200E-002  0.20205134008003234     
 -0.15112365084090226        8.8258975075498403E-002   6.0615763410328247E-002  0.18520873440169414     
 -0.26647170581880580      -0.16220549845987547       0.11717023773465350       0.33323664015740534     
 -0.12062056125064377      -0.13645220051766560       0.15348456820979359       0.23817228113506472     
 -0.10650502601969331      -0.22386037101862888       0.11538910770778721       0.27344365499614914     
 -0.15997384306831913       -4.7283857122128875E-002   8.2829497652815248E-002  0.18624746788026628     
  0.12804624023505429      -0.22045484736140233        6.7008389479014635E-002  0.26360254859170795     
  -4.9473772131001376E-002  0.21208762105722312       -8.8907255847167160E-002  0.23523034089346587     
  0.17547239395162206      -0.12392298914372887        1.9638238665768328E-002  0.21571538817461233     
 -0.12638418328916654       -8.7634430906381289E-002  0.18579812052527306       0.24119224045702392     
   9.6895681695726182E-002   3.3519397973487665E-002 -0.17831133880396807       0.20568727894025926     
 -0.10967566102472404      -0.19357737193449528        1.9983178650058872E-002  0.22338369899174887     
   2.3236408989818855E-002  -6.5234755099343206E-002  0.22276193761734975       0.23327748461145889     
  0.17255448386624811        1.5354435055512566E-002  -3.0745945970862762E-002  0.17594351869808800     
 -0.17002822128157000       0.18195971653432236       -3.3030445947562763E-002  0.25121692783910948     
 -0.24499449779406340        3.1384490620844474E-002 -0.15400752551796598       0.29107663615800933     
  -4.7343621889571391E-002  -9.9451707435864248E-002 -0.17090335593578440       0.20332244764325669     
   8.3782087284932846E-002  0.13704357443584678      -0.11947741823190672       0.20018799392405015     
  -6.0227862087766898E-002 -0.16172696467870568        9.6073371160286733E-002  0.19751733878814942     
  -8.3625325481480797E-003  0.10112956360479443      -0.22139526422957259       0.24354257042414015     
  0.18592205021675048      -0.14665893498991689       0.11080101496643027       0.26144352523397413     
   4.7301256510503646E-002  0.22366458467404216        7.1516284312969788E-002  0.23953670747260797     
   8.9079693774317986E-002  0.17310290902464490      -0.14409445196554863       0.24220450045978204     
  -8.1595389944910987E-002   2.1494031929255995E-002  0.15530315640320902       0.17674521622278086     
 -0.15814696083368451       0.16519902698883307       0.10291514601129370       0.25078418414548004     
   8.4069572445783947E-002 -0.25074856630645509        8.7079066241453215E-002  0.27843365510197043     
  -5.0595022074054710E-002  0.16986043617601276       -5.1130205485595312E-002  0.18446333497358922     
  0.14471051771461976        4.1526592206135304E-003 -0.15754289222341575       0.21395827024435074     
   6.1911371602662982E-002 -0.10231373744558198       0.29843759536997039       0.32150601414906171     
  0.14019360674413006        8.4275525344127397E-002   6.8462872276864734E-002  0.17732393077177921     
  0.25395213660865884       -4.2373431030270553E-002  -2.5716540749389824E-002  0.25874415126432337     
  0.18807591752672986      -0.23492958771177136       -2.1485894222108490E-003  0.30094696936910564     
 -0.13849652930984324       -7.1014459167649840E-002  0.28064926750508917       0.32091798546184536     
  0.13021004059912131      -0.11959414300722301      -0.11852371792739318       0.21285038272408435     
   3.6208840697118924E-002  0.30098020495751376       -6.5041444076387497E-002  0.31004927571022994     
  -8.2565892852064809E-002  0.10770407471161481        5.3721301161018566E-003  0.13581661957922556     
   4.0583833675309731E-003  0.15240477208886630        1.8211621308758558E-002  0.15354265915930582     
 -0.21974434483064037        9.5428917459935661E-002  -1.7300005218078313E-002  0.24019480750667391     
  -5.8968794506268934E-002 -0.20880352365010266        6.2848654216136779E-002  0.22588975973027436     
 -0.19904047070987024       0.12109033015496067        8.2243128168768387E-002  0.24707065622697599     
 -0.18043358530323839        2.0107647334791735E-002  0.18200636888344612       0.25707375303764179     
 -0.17177678281188330        2.7371018275596105E-002  -9.9845736733644164E-002  0.20056322419259251     
  -4.0690200484987615E-002  0.16313618217971165        2.8705087011455556E-002  0.17056696154887613     
  0.13005686639588504      -0.17822152240990224       -9.4716502380540940E-002  0.24010188539456201     
 -0.17520418492005835       0.27045863615632093       -6.1305596306442986E-002  0.32802859086294256     
 -0.10656652517994114      -0.16637136474500167        7.4052409169243855E-002  0.21099671703562242     
 -0.11368272973717578      -0.22362659332035306       -4.6306792470316140E-002  0.25510181361458650     
  0.13830601144093679       0.13497773348257175        4.6321825286574338E-002  0.19872909408205089     
  -4.8650175488520360E-003 -0.13661893292561200      -0.14489491441701752       0.19920576661682848     
  0.12388446475005827       0.11183808414296989       0.16315554111924876       0.23339847529299185     
   8.9886902193092977E-002   9.9358069528242277E-002   3.2221140038681650E-002  0.13780378453308900     
 -0.23651647515372670       -9.3119342417550793E-002  -9.2064259751006752E-002  0.27034622778008449     
   6.8417723132849467E-002 -0.16515827268284872       0.13992186564228562       0.22701622928566867     
  -5.7953610553752206E-003 -0.19427051191142794       -4.1408272903091146E-002  0.19871905563610981     
  0.19533837493025832       -1.7784517408675593E-002  0.15198835921060391       0.24814074859922791     
 -0.16591088559100695        6.4880930584162166E-002   8.5364960345981469E-002  0.19754273858061716     
  -7.2211278298398782E-002 -0.17025038099920298        1.0802378785196170E-002  0.18524673365887301     
  -6.5919073393742367E-002  -1.8445738137348414E-002 -0.21057324478843681       0.22141964888702212     
  -2.6439369493712110E-002  -7.6437611470869568E-002  0.13691455911019634       0.15901995221649418     
 -0.16464923906287418       -7.9732804808380436E-002  0.13538953981252469       0.22758958582773947     
  -7.5771399138391815E-002   2.4119892988697038E-002  0.17457265105673064       0.19182983256561198     
  -6.8489868530037037E-003 -0.21059838310007931      -0.10687322186856746       0.23626356709795193     
 -0.22709173731873278      -0.12424292519449789       -4.9896569099937560E-002  0.26362213341688662     
  -7.9218780296425428E-002  0.11601528801743474      -0.23824125958695447       0.27657559540747678     
 -0.17948138303695294        5.5252070760262714E-002  0.14408992522066499       0.23670290393286544     
 -0.15419946858797148        8.5554617051802326E-002  0.15242648022097621       0.23308989785970777     
   5.4231784185214599E-002 -0.19146407220579634        9.8194429074684231E-002  0.22190476169483445     
  -2.9865296493164460E-002 -0.18324709525707281       -6.7381618780335925E-002  0.19751383851324913     
  0.11204329177453576       0.25257486956990205       -9.4816287201311814E-002  0.29212650049005895     
  -9.8713333164027792E-002   4.6192879069265794E-002 -0.12712372099534186       0.16744713990021354     
   9.6758981470004640E-002  -7.8211505996890779E-002 -0.16535671967455484       0.20693521910719717     
  0.18518260397966924       -4.2694386569219228E-002  -7.2095619217636145E-002  0.20325645321019287     
  -2.6678249973809919E-002  -6.1170453154182701E-002 -0.14259073180580731       0.15743465361116915     
 -0.14875835735193493       -7.7608612764650170E-002 -0.16504573484931240       0.23535556133061511     
 -0.10604530876712326       -8.7127405231903182E-002   4.2449720634015572E-002  0.14366200275599927     
   6.5273350599527269E-002 -0.22880777373689859        6.8446244246636437E-002  0.24758533068902688     
   5.9428329834741521E-002  -7.9223367329635780E-002  0.20630564341469662       0.22884511535697061     
   5.2065953424041134E-002  -9.1256252683791825E-002   5.0825925638760830E-002  0.11671264660215416     
   7.9693092695299200E-002  -1.1550463493612027E-002 -0.24485389833446791       0.25775537581172725     
  -5.2201690397225206E-002   3.8952962937472524E-002 -0.15557932053824922       0.16866319924950776     
 -0.16096708916365460       -7.0527746729051599E-002  -4.6225472688073602E-002  0.18171780644101176     
  -5.8257779520173150E-002  0.19937785818145246      -0.22370886358285452       0.30527226348487130     
   6.7995464210569803E-002  0.15529056625219087      -0.17653300366046529       0.24474975894068376     
 -0.26748302424161718       -5.1495723458897906E-002   1.2360914933756240E-002  0.27267520974594744     
 -0.13505301410368911       -5.9709601171040239E-002  -1.8598676068937399E-002  0.14883031896093352     
   3.3105783731373364E-002  0.14467422263960558       -8.0590262408445454E-002  0.16888284107008836     
 -0.29151552875507836        8.9098390450337864E-002   9.1059476886209231E-002  0.31813779250033131     
  0.12011319101760698       0.20428656523086774       0.14413657624650650       0.27737255091721441     
  -5.9710111552273522E-002 -0.11965899039919219      -0.14048396125271947       0.19395699207348649     
  -4.6751412706319148E-002  0.14453096136639237       0.14429006637731362       0.20951018266112928     
 -0.20371116877851769      -0.12288478825036768        6.7543306399593619E-002  0.24730752052421862     
  -3.0377736070790400E-002 -0.16605108839495356       0.24260001440165338       0.29555124393853888     
 -0.19536204066274054        2.6309796798125697E-002   8.8692354716682936E-002  0.21615935354422872     
  -5.1530897491339822E-002  0.20413808584839263       0.15409456042800651       0.26090788612767007     
   5.2079437877032217E-002 -0.14521691711504334      -0.12707115071419983       0.19986820209782225     
 -0.13306348821214414       -9.6129198342773517E-002  -5.7117705964363316E-002  0.17380778752357207     
  -5.9217227157011054E-002  0.28704499516164755       -3.6937093755363130E-002  0.29540795205039388     
   5.2672987815968408E-002 -0.13910603848045644       0.14703595938881384       0.20915187529777565     
  0.11896112481258381      -0.14320960792892615       0.11684872265119958       0.21980528884685382     
 -0.10378797183988529       -6.3518677906669402E-002 -0.11872511315547407       0.17000652350844703     
   8.8860781993844257E-002 -0.18985370792503176        5.2131380720167132E-002  0.21600543938806679     
  0.14200240365077316       0.13859558594587917       -4.9530828867730692E-002  0.20451582357999373     
   8.4781545166428024E-002  -1.1336117526513714E-002 -0.23210382857373943       0.24736330609039375     
  0.10993088951712249       -2.9022810918380670E-002  0.21574847083696699       0.24387399757276187     
  0.18568429445222834       -5.2050050100881443E-004   8.0329773517283914E-003  0.18585870130861984     
  0.21735998381666582        5.3592571623373754E-003   7.1809562717332687E-002  0.22897750435308667     
  0.17439022327483364       -5.0189083534969023E-002  0.20120531181246304       0.27095105015754578     
 -0.20169567218384729      -0.11765868820200813       -7.4447814621378589E-002  0.24508608322181516     
   4.9223906712215812E-002  -6.8452861205464302E-002  0.19081093904308624       0.20860872862306568     
 -0.13660112282087045        6.7069942818962960E-002 -0.22210507994285558       0.26923764692569235     
  0.20411776300205825       0.11781345937560038       0.14277041826759071       0.27554938707119903     
 -0.11335040915517107        9.5116567801426008E-002 -0.19230008666669463       0.24264129915986318     
   5.8360883441510428E-002  -5.9485164997456395E-002 -0.17032754752074533       0.18962054481326632     
   7.5780509735785498E-002 -0.17556029186456384       -9.2144942473759317E-002  0.21226114142461106     
  0.15116726284391080       -6.5675420737183174E-002  -8.0952812823498463E-002  0.18362505316204111     
 -0.12261866258359347      -0.15456727419157892       -8.3640096533739425E-002  0.21429429393471291     
  0.15028589141181156        5.3608027298783681E-002 -0.17031425213183557       0.23338083517619096     
  -5.7663436381504826E-002 -0.19089783484369713      -0.24221609802901431       0.31374463085085041     
   3.8699096586564535E-002   6.0169138617681341E-002  0.32967140864718425       0.33734430927174203     
 -0.15876337397305282       -4.2747477560974335E-003 -0.15958006605744407       0.22514413131721620     
  -3.2277357991563303E-002  0.20042744933543780        8.2242296656072512E-003  0.20317634763824668     
   8.2888044965546803E-002   7.0927351941517766E-002 -0.18879949055023978       0.21805128957123027     
  0.14558766334833126      -0.20978069943560909       -2.7876315542225475E-002  0.25686727807007670     
  -2.8845727834460069E-002  0.21843828202778454       0.24358614212857943       0.32845329608124529     
  -2.3944852980307824E-002 -0.33916092173923340       -6.1126760931996961E-002  0.34545617337267615     
  -4.1380327994727142E-002 -0.23331440749599031       -1.3911280045940604E-002  0.23736357766656788     
  0.11252310240287668      -0.20324637678626287        3.5181526546313083E-002  0.23496441871321866     
 -0.19034955737212778       -8.3080172768608837E-002 -0.10236203295336550       0.23154536248729479     
  0.18108162413288154       -1.3480969466684797E-002   2.3089411733891032E-002  0.18304483623031004     
  0.13721658333629483       0.18021098095028457        4.3242256316277171E-002  0.23059549242965002     
 -0.11467912549620102       0.22051501295952963        3.1969747543674411E-002  0.25059975563260478     
  -2.4952237990591285E-002 -0.21316194883579204       -8.3535873330790308E-002  0.23030169939744208     
 -0.14536781362542711       -2.4023097938273633E-003   9.7374138565217414E-002  0.17498369978915349     
  0.20047478714355418      -0.18761292741131896       -6.1407534962326253E-002  0.28135322312397193     
  -4.8223324106596667E-002  0.21287202247541573      -0.15238256243375400       0.26619622888865407     
  0.10805452495485679       0.20056949016637426        4.4153434178653889E-002  0.23206341051227311     
 -0.18581338043216628      -0.14168886146608514      -0.28143943907335067       0.36580118052995220     
  -4.8405881188304495E-002 -0.21584838058277325       -5.1105191406390922E-002  0.22703610576845665     
  -3.2754507207182662E-002   5.9302720908318472E-002  0.19398453531537393       0.20547425724658760     
  0.20402162848126434        2.9348220071346808E-002 -0.10949413738452091       0.23339903391206140     
  0.13170268523841033        7.4878360910393210E-002   7.6716385375386026E-002  0.16981687200245926     
 -0.20362220551547758       -7.3661433552194594E-002  -7.7053723862393238E-003  0.21667344584780662     
  0.10235579763262727       0.14364972497511258      -0.14656571273008967       0.22933264255773969     
  0.13213992965608207        8.4925629449012635E-002   7.3947194563553989E-002  0.17361310760033480     
  -9.3752408584247743E-002  0.11966227884270970        6.7354165424616363E-002  0.16626833340484509     
  -4.3410021036983236E-002  0.24618754560079881       -8.4229424651825160E-002  0.26379411197476377     
   9.8841155416483015E-003 -0.23185433797611155      -0.27732423199191419       0.36161147579727981     
 -0.13151249635622475        8.1784474334400489E-002 -0.15070093362850201       0.21609027820913740     
   8.5596891654274934E-002  -1.5112080482284303E-002  0.11530942799941014       0.14440037057752958     
  -9.7942508967307704E-003  0.13010995047757370      -0.24608095259213353       0.27853251478518026     
  -2.4473469160669212E-002   4.0270072049601695E-002 -0.18680911641177517       0.19266103749898811     
  0.27263707055979514       -8.7273719018867713E-002  -4.0619742532763334E-003  0.28629385936419466     
   2.6170640903510969E-002 -0.18521703650715862       0.18124065201810713       0.26045810987900386     
   5.3353690970812329E-002  -6.5490159130095718E-002 -0.25809016988948097       0.27156235577980126     
 -0.15132282170616188        3.6048861535610842E-002  -7.7225015904192423E-002  0.17367158624406950     
  0.13783635304819047       -5.9275222333200574E-002 -0.14624163681640187       0.20952095012913660     
  0.16859227573218247        1.2095696881054566E-002 -0.16627208844502150       0.23709928029301069     
  -6.1108282919881740E-002  0.13840138146294309        5.1147117525743760E-002  0.15970345100673197     
   5.6687996618679570E-002 -0.16392062611284419        5.2075946358142763E-002  0.18109501598598027     
   9.0436593755425940E-002   8.5176012941922286E-002 -0.14092416519501194       0.18786524693694009     
   5.6827570465576079E-002 -0.24157027143427937        5.1274742434367852E-002  0.25340613255713090     
  -4.6270999213617825E-002 -0.10807316360326262      -0.15725795723939495       0.19634377803880509     
  -2.9153680634937198E-002 -0.14042520696634272       -5.0821817351748844E-003  0.14350959695188836     
 -0.19120686200123926        8.2694505907552809E-003   4.3499065141982131E-002  0.19626669752573997     
   9.2621331133774840E-002   3.0357289702393875E-002  0.26125089693436288       0.27884100697005904     
   8.1954473233112141E-002 -0.20546981628819344       0.11750601240632588       0.25048362030291815     
  -6.7718970112563726E-002  0.16482580909606206      -0.18175088729555039       0.25453249554820628     
  0.10071753244999307      -0.22846726181185506       -5.2460868803002179E-002  0.25513418786628328     
  -9.2438933530604901E-003  -2.6179642481873325E-002 -0.13576499268000797       0.13857473248108432     
 -0.14059736850955254      -0.12258911447730589        2.3690211356574491E-002  0.18803440412397965     
  -9.2664421394487190E-002  -2.7040492306068288E-002 -0.13617114501473021       0.16691454086194024     
   6.5960753500026899E-003 -0.12445846263278122      -0.17999801671934473       0.21893538579643954     
 -0.17997684399798788       0.11455077905034611       0.12038885415581324       0.24496330656134391     
  -8.1628546549425099E-002  -9.5241770013365007E-002  0.19199492515555183       0.22933875741473861     
 -0.11461825139493984      -0.25809114442248227        1.7278150454587332E-002  0.28292563840216317     
   4.2576754733022200E-002   2.8666960972291437E-002  0.13805447586337019       0.14728751814357072     
 -0.20811105702149435        1.2320045426287941E-002  0.13658323159547189       0.24923277217687842     
  0.21382073828333850       -3.2871245337647154E-002   7.6895678523671990E-002  0.22959262241129536     
  -1.1992676488821657E-002   5.8022321444892416E-002  0.22357246553835455       0.23128999421098762     
  0.10956087557047872       0.19963274600023451       -8.5466285715559323E-002  0.24323096991414905     
   5.8467470584773140E-002   3.4750095432076106E-002  0.17282631636450593       0.18572816123906466     
  0.13349096558175719       -5.0509984842586675E-002 -0.11334450547468777       0.18225826012021992     
  0.26946515691357298        9.4155957691607381E-002  -6.8667167912382282E-002  0.29358473241704441     
 -0.19899497038524999        8.0443744061641682E-003  -8.0276086446024866E-002  0.21472764203358338     
   8.4217408794296567E-002 -0.17238608333093505        4.2439931984716461E-002  0.19649600885787250     
 -0.15499378929740268       -5.8001121457877572E-002 -0.22468488734159586       0.27905286848703909     
  0.10778613019653246       -1.0798869419412009E-002   4.6990189562456833E-002  0.11807854741059863     
  -6.7053031686700987E-002  0.17797043405352830        8.6934941093142662E-002  0.20911066074795703     
  0.16137320062131177       -7.5225998953878784E-002  0.14258077366388933       0.22809984177102874     
  0.17361732659016732       -1.6026361334906848E-002 -0.18394724281399433       0.25344902542488579     
 -0.13428871720881741       0.16843873295773568       -8.0405300458778528E-002  0.22993494443399326     
  0.18047042610707362      -0.18016229886621749       -8.7998628137622215E-002  0.26976246437585144     
  -4.7233623281243087E-002 -0.13163657916244970       -8.9171010801147546E-002  0.16586341763380089     
   2.6069585237757466E-002 -0.22661630191962825        5.9673848619767919E-002  0.23578706448677753     
  -6.6872324372670780E-002   5.9911704784394414E-002  0.25999726106132237       0.27506343976720271     
   3.3347452967228346E-002   7.8846367647520343E-002 -0.11115896827682072       0.14030366545096634     
   4.4068058223632481E-002 -0.22239385674450524       -1.6303955972876989E-002  0.22730341012325900     
  -8.7979227637730320E-002  0.30120409484924615       0.13010751166868656       0.33969429762994646     
  0.11728176684142810        9.2354880908274650E-002 -0.19462068421164286       0.24527871408672361     
  0.11221921424573289        6.6632630617072183E-002   2.3294363014683225E-002  0.13257332634108840     
   6.1992133390391550E-002  -7.3255879767203408E-002 -0.15609584121303779       0.18323580481653953     
  -5.3777973588552217E-003  0.19446476718343900      -0.11348732467269937       0.22522175570203853     
  0.23611148790565645      -0.15961134374013461       -4.1151329614056528E-002  0.28795459312287258     
   7.3561357617758200E-002 -0.26176098718439766       0.11835901945240487       0.29654501383778631     
 -0.29943519447594880       0.10525377675757000        5.4098569790959157E-003  0.31744142729819613     
   4.2095373738745216E-002  0.12585244580072955      -0.14649032382221269       0.19766201855128099     
  0.15587438946971360       0.21511234024083634       0.10523294528950375       0.28573434688666499     
  -5.4958583716634313E-002  -6.6724853668988338E-002 -0.14759131968070940       0.17104341456595037     
 -0.15263042941186869       0.21831473059520368       -5.3007907127528529E-004  0.26637877272997862     
  -3.1283060640895033E-002  -5.9970218224783045E-002  0.17694164299062329       0.18942914765476618     
  0.12447280722299131      -0.18426310770269300       -5.8548113474327264E-002  0.22994402403547892     
  -7.0799491152467656E-002  0.23082393706774076       0.16398760538358181       0.29186331148388972     
 -0.16914328529114780       0.11249993757724568        9.5992899746427635E-002  0.22467826711921760     
  -4.4253408404069661E-002 -0.20823973543589464       -1.1637819259850871E-002  0.21320785728230968     
  0.15561135831220757        2.7262920381086481E-002 -0.16723042692583667       0.23005255345958087     
 -0.14297056656299509       0.18008386131250706        2.0220869013656217E-002  0.23082387994363479     
   7.2510834860687991E-003 -0.28070200120373717        4.3570432054712477E-002  0.28415589777609601     
  0.13143491447188296       0.10526557732586025       0.15808915036545568       0.23097220173702615     
  0.16947006579867260       -4.3158131269063413E-002   7.3477044424503118E-002  0.18968817452283243     
   2.6614296814008315E-003  0.17001515150120219       0.12256298209882596       0.20960419730740820     
 -0.17404194562023503       0.15056701505607947        6.4089164987041466E-002  0.23889002893990938     
   3.0526943916773439E-002 -0.24020278729464531       0.13447776888293983       0.27697209905105574     
  0.12634040822376708       -4.6903706523533213E-002   9.5233280348171773E-002  0.16501889019644789     
   7.6890503493010645E-002   6.4694192341028134E-002 -0.24001730377373190       0.26020337077155348     
 -0.23156138516244540        5.6182273391837366E-002  -6.5446099198360461E-002  0.24710385436513771     
  -3.5516494875656245E-002 -0.10060951210706824       0.17034122279418440       0.20099708335618402     
  -3.9161485891267188E-002  -6.1631191364505733E-002   3.6273257498212350E-002   8.1533888265873003E-002
  -7.4800363414882137E-002 -0.21418466831517829        1.4073282787607670E-002  0.22730645348670009     
 -0.12129201161268199       -1.3273139271270870E-002  -7.5112083913567745E-002  0.14328207653787117     
   7.5199856424232450E-002  0.21223878133357835       0.10925206012786784       0.25027251417279306     
 -0.19800168982638577       -1.0884007372556553E-002  -8.2837626259552835E-002  0.21490742917569763     
  -9.9076836012209710E-003  -4.4177754991170284E-002 -0.25256169835435877       0.25658769983387725     
  0.26321673712458538        4.3706990636120290E-002  -3.6964548419041308E-002  0.26936913255382966     
  0.20733664911347038       0.13191183148921415       -6.1964306371962444E-002  0.25343400051413700     
 -0.33172153707027008       -4.3286770399537260E-002 -0.18985403270999762       0.38465240982494009     
  -4.0648180239007618E-002 -0.14676189516726570      -0.16903085714153493       0.22751430525536703     
  0.31518440812331450        8.1492869978708957E-002   9.5701242816223345E-002  0.33932436820538042     
 -0.12278715627859417       0.14394488410200026      -0.15746331560632557       0.24615343013628613     
  -9.9807597688795324E-002 -0.14209588231058329       0.17914991757527726       0.24949446746022286     
  0.10888139772887677       0.27528554239599329       -5.3010507321680111E-002  0.30074474643815802     
 -0.21354795535030663       0.17760232662936942       -4.9941843764937502E-002  0.28220471898446914     
 -0.17721731407037816       -2.3712202662457847E-002   3.0035520893039052E-002  0.18130189595462237     
  -3.1843285375891345E-002 -0.17117505736667360        6.4415024661960738E-002  0.18564533522341858     
  -6.6706792208702279E-002  0.15662553520586384       0.18767670883821430       0.25338488795830372     
  0.12223554042021965      -0.19991040175577016        7.8685121974188504E-002  0.24717816346123600     
  0.16672099762360745        3.0369887812254290E-002  0.19044787980785483       0.25492864895426515     
   7.6919813712013410E-002  -2.8527980852281590E-002  0.18616061935286801       0.20343618073204778     
  0.21551195510208174       -9.0739776847726980E-002 -0.11721257140526943       0.26156814941757028     
  0.13581993519779259       0.20937426034009990       -9.9086960100848498E-002  0.26851975970517261     
  -3.6904350945488403E-003  0.12804436599596153      -0.22896918376936659       0.26236590115810554     
 -0.11890007567704408       0.23538559084106175       -8.6057046753759775E-002  0.27739758410552412     
  -2.9274269706104424E-002 -0.11210206842214672      -0.13081146423569298       0.17474408655755819     
  -8.3544749248802633E-002 -0.22376422877490948        8.8743178912570317E-002  0.25480484102501627     
 -0.10865509004748905        7.7286774780518999E-002  -9.2649058765531742E-002  0.16236693702642044     
   7.3752005818000121E-002 -0.18503794908112903      -0.14153641667520400       0.24435825790749488     
  -8.9934724396591614E-002 -0.24699056859826127        8.8637894547535262E-002  0.27739731790088251     
 -0.12871160473521726       -6.3869572795590517E-003  0.14030462164991106       0.19050684311365407     
  0.11885931377467912        9.6250977583479308E-002   2.7360159518714164E-003  0.15296820891953974     
 -0.16814990342697500      -0.11927192751848498       -2.5635567534976981E-002  0.20774350781508460     
 -0.27340800064522275       -2.6090580701365391E-002  -7.7352048985499328E-002  0.28533487817020842     
 -0.19743015921602869      -0.14663329169275624       0.18167039237372409       0.30575173174643222     
   7.2412617364542332E-003  0.15044485513875142        5.9928252857361496E-002  0.16210331828741689     
  0.15176046598658355        2.0590634100801787E-002   2.8444268710650623E-002  0.15576998963735533     
  0.17026898025041626        6.8333711930566518E-003  -8.1380437642447345E-002  0.18884119314454406     
   9.3586602536717078E-002  0.16927157390501152      -0.14328044765275938       0.24070854697376318     
   3.1551422117985894E-002 -0.14638027575797258       0.21423575239894102       0.26138024977910590     
   6.9317779376602578E-002   3.6269968455094968E-002  0.17085453830216635       0.18791417830457435     
  0.20166840558801041        9.5997285042615454E-002 -0.18859251324752721       0.29232304151568717     
   9.7667163516533761E-002  0.25674752750216456       -5.1430134977664931E-003  0.27474464197810722     
 -0.20528720058381847        8.9568655140019299E-002  -3.0283624336310162E-003  0.22399676266893245     
  0.10431761576073867      -0.25743491331163165       -6.3057359166202046E-002  0.28483526834784317     
  0.28922163364906517        9.3072557376927920E-002   6.9782144486789710E-002  0.31173899659248727     
  0.17513587921874313      -0.18552750406668922       0.16614091400956474       0.30445990583797916     
  0.15130791223380252        6.6227398785230096E-002 -0.18235762158071514       0.24603750690288115     
  -6.9198379993931761E-002  -6.5020369237823700E-002  -9.0499407841169624E-002  0.13117243242850174     
  -6.9844439321258167E-002 -0.19165230993944121      -0.18082082477458042       0.27258947940334027     
  -8.9125168664172083E-002 -0.13798564917906911        1.2399256624382970E-002  0.16473335009530876     
  -6.6780431826172562E-003  -5.2111258449145215E-002  0.19817805538686209       0.20502370876272014     
  0.13323771727613881      -0.22442805438401242      -0.15179984565685511       0.30193283034641094     
  0.23549997744724918      -0.21320782918094636       -2.5023236305964518E-002  0.31865966195445983     
 -0.15084782447363038      -0.15726408385996660       -8.1470018337299263E-003  0.21806749381698456     
  0.16737060404174092       -2.3302490143156770E-002 -0.10194043402586378       0.19735191216086714     
  -6.6620483028247801E-002  0.12665738838813245       -3.7181662327863754E-002  0.14786094415254680     
 -0.12931624381158588      -0.17895119395695919        9.9190488035434732E-002  0.24204333010613302     
  -5.4479414954656795E-002 -0.12790707598515746        1.7373996191252308E-003  0.13903684870677652     
   4.3265381961024529E-002  0.25156830494461924        5.1493442487020452E-002  0.26040368651020740     
  -2.0547272971206679E-002 -0.19590743424417015      -0.21378183052029537       0.29069672216813075     
  0.17321546198320556      -0.12054489062091127      -0.16479268685157103       0.26775230449918214     
  0.21082056975467675        4.9879369414949110E-002   4.5841999302433642E-002  0.22143792137970364     
  0.17557599945796948       0.11543460743671927       0.17837758717700941       0.27562772681068565     
  -5.5340728690620719E-002  0.21562368776267046      -0.22501358444869646       0.31652374976110903     
  0.10737905814805387        5.3261597560696358E-002 -0.11952834612213331       0.16927517665084038     
  -9.2747444550402292E-002  -5.2640445879104061E-002 -0.22455526653788910       0.24859238271291267     
 -0.12634982373211887      -0.13469839576316037        5.4879918269256957E-002  0.19266484164877307     
   3.9820178609605572E-002 -0.26516443368740750       -7.3567429552303790E-002  0.27804674104940991     
  0.33984008097461055       -8.4139217194825672E-002   4.8712952468634718E-002  0.35347367687735870     
 -0.20497362152323712        2.6257469445630420E-002  -9.6494748787038093E-002  0.22806770215335853     
   1.8790088663761875E-002  0.13449147266174591      -0.17252439305821130       0.21955794189876476     
 -0.11628201240061362       0.11178179433585891      -0.19191604104555318       0.25069591692622195     
 -0.11592484283095604      -0.23911884234219147        8.5657863269425316E-002  0.27920182572529006     
 -0.17487335465571663        5.4008144372369463E-002   2.2151309625515619E-004  0.18302354737886203     
 -0.11066661315278412        9.2461504332456111E-003 -0.20899331124868076       0.23666599821526990     
   1.7228038704043186E-002  0.23150919323306954       -2.2812604689496065E-002  0.23326750052618553     
  0.20201084326855573       -3.1833728839629746E-002   3.7544634902079294E-002  0.20792153976882360     
   4.1366095744874355E-002 -0.10431173036576670        6.9771309921119934E-002  0.13213677253960571     
   3.2667005323586337E-002  -9.9344177835687594E-002 -0.16653396043896262       0.19664678712388339     
 -0.14845764998195432       -1.8497727141747654E-002 -0.15961051245726093       0.21876324059229982     
   3.5161790188368389E-002  0.23805422226278491       -8.9240589197254361E-002  0.25665160624212613     
 -0.15267543179851159       0.17705508211294765       0.22144918353652945       0.32202178570071949     
  0.12166071996231109       0.16711281531174788       -9.5495766913188007E-002  0.22770038498321465     
  0.18661848776480128        7.7519611468544317E-002  0.15838464528988727       0.25675172054235346     
  0.15244954250596549       -6.1871259610785802E-002  0.23169706587361066       0.28416974876039097     
  -9.1991086734229746E-002   1.6695150322367111E-002  0.28583229852699527       0.30073441932052997     
 -0.19221461823155289       0.21342372494408393       -9.1582954220413348E-002  0.30146904208334219     
  0.22699912162365005        3.5807542070786957E-002   4.2136976438468400E-002  0.23363712476923670     
  0.27474768130664468        7.3613305785335620E-002   8.4500888665226495E-002  0.29672480071142676     
  -1.7817748684603497E-002 -0.22439958780629438      -0.19232709336308684       0.29607829710621486     
  0.32576014096678274       -1.0531651451405916E-002   3.5759756982343328E-002  0.32788617742202603     
   7.4383119020004274E-002  -2.9317402114742416E-002 -0.25871181943576504       0.27078434958037279     
  0.20320237454285131        5.0540326299519787E-002   2.7624208444345554E-002  0.21120754364958608     
 -0.20784489923246394        3.2023015961484061E-002   8.2757086664246859E-002  0.22599493596400830     
 -0.18426659712316848        7.7961790830089334E-002 -0.14255067578046254       0.24566830241252785     
  -5.1235427881755481E-002  -5.2629486876564810E-002  0.21811854279850906       0.23015349372030419     
 -0.20995292382457895       0.16569447592031986       -6.5784392295310939E-002  0.27543143582870544     
 -0.20082304579054133       0.10835714448137881       -3.7223424091335333E-002  0.23120715772188297     
 -0.23278807020446154       -8.2301708878059834E-002  -9.4496059279398470E-002  0.26437352767079730     
 -0.13671775757608229       0.11738965589920893        7.9570699287609625E-002  0.19698622473128999     
 -0.27834116269543596      -0.10228471565303332       -1.6044183569766734E-002  0.29697370545772134     
  -8.2446141244510870E-002 -0.17516502619474350      -0.10489783202574687       0.22019016274942171     
   5.9569427273590103E-002  0.15617566351779463       -8.6380778550711440E-002  0.18815151725126747     
   8.9028377817280596E-002   8.9331892307997596E-002  0.11895345789241384       0.17336713698007017     
 -0.16597191841957507        2.2762010111499253E-002 -0.14750771428596057       0.22321136302181985     
   6.3215589580125388E-003 -0.18656971275697348        5.9251063066116313E-002  0.19585430375752308     
  -2.1180845579368959E-002  -1.0982486051643401E-002 -0.19291037930149788       0.19438018844928459     
  0.10394064535938573      -0.23443979964567113        4.7282838131049630E-002  0.26077067357614248     
  -9.8940815743175634E-002  0.19159879700376597       -4.6162607921605064E-002  0.22052294756632287     
 -0.11913007918036139       0.11973966161336784       0.11093518399526045       0.20207963127654727     
  0.16621841721249719       0.11969971768430096       0.17256709883070587       0.26783574860943365     
  -4.6288709680332829E-002 -0.19522904528845386        9.5839312769596577E-002  0.22235601777388411     
   1.4688421484520502E-002   4.9805549523735178E-002   5.6721557460796670E-002   7.6900439334548792E-002
  0.15518975904936261       -9.7924579840499668E-002  -2.3151297210454194E-002  0.18495693340143918     
  0.10996313465757718       0.16995075073626462      -0.18705154824518119       0.27561464104880157     
  -1.8862462908893554E-004  -8.2686706018075720E-002 -0.21397840684459449       0.22939896583707864     
 -0.16915896613171752      -0.14858598847183235       0.13120197960931049       0.26058877805136771     
  0.15270977152886656       -2.3671490510691284E-002 -0.20232487233173108       0.25458980291332889     
  0.16796426786864119        1.2832440604288124E-002   8.3727527035115212E-002  0.18811423549515646     
   2.4058153522442977E-002   7.0392921423927793E-002  0.19691232585149659       0.21049565841069190     
   7.1530962929086755E-002 -0.15822824690191573       0.18738381417400704       0.25547123241103836     
  0.31471675643915054      -0.14032070027799198       0.11786526959877296       0.36418231352946989     
   3.1822829104878603E-002  -7.1182989596771020E-003  0.20463220352898628       0.20721414370994590     
 -0.25143000977822227        2.5147051520710600E-002  -9.4996957374214819E-002  0.26995156218777583     
  0.17065703648843591       0.16400490916381472      -0.14043402476719047       0.27521473369926674     
   6.6044391777982062E-002  -9.4593074262536880E-002 -0.19350037032016912       0.22528227781564175     
  0.16814790221951845       -5.1025600562839474E-002  -4.1957102252784047E-002  0.18065914691228274     
  0.26796493482643519       0.13510302435349678       -1.6391936291518552E-002  0.30054405510903454     
 -0.11389081450334457      -0.12242452789339539       -6.5597498863054909E-002  0.17961601965093335     
  -9.2508889069122038E-002   7.8191980692993046E-002 -0.18502575256158527       0.22114793580876466     
  0.14748234958376338       -6.4734574787718463E-002 -0.19921672482247280       0.25618140459581945     
 -0.10138271608714047      -0.17361600506982128        9.9136292583563573E-002  0.22416283555670835     
  0.17011094101205076       0.17772611512627084        6.4076062294793831E-002  0.25422440089237736     
  0.16733108244026546      -0.13187880265253119      -0.16919713818617191       0.27206503139890420     
  0.15496181742695006        7.1275541969996456E-002 -0.15719284145326812       0.23195464459142096     
   4.6308254323600889E-002 -0.18659333546642445       -7.3748064710182304E-002  0.20591334174230225     
 -0.16253227947098689      -0.15023758926563630       0.12770068352732780       0.25552991932791697     
  -9.7703432602247786E-002  -8.5767112298057765E-002 -0.15346635638072631       0.20113150134920615     
  0.17210782640749595       0.18872317299163857       -5.7172726288243846E-002  0.26173700648929099     
  0.11543774329295921       0.23911491110877345        1.0761706231698968E-002  0.26573977423815420     
  -1.7813843147880891E-002 -0.12483153059164356        9.9748285821163629E-002  0.16077924170056998     
  -9.8509618377258426E-002 -0.16705835928465296       0.21297787770488005       0.28804898318061833     
  0.23756459329277577       -2.6298937752862107E-002 -0.10671956831384705       0.26175873695902635     
 -0.11988902346091569        1.7520787814885443E-002 -0.15909338200241793       0.19997764912367960     
 -0.14847559908432112        6.6116875924375040E-002 -0.15139451429257242       0.22211876049386547     
  0.27161111436410240       0.10506979239227228        1.0285418010886321E-002  0.29140701526065460     
 -0.23564904597751807       -7.0749829850792909E-002 -0.11373565397293980       0.27105683957185600     
 -0.13618228559989165       -1.3457854132423220E-002 -0.14025225522439641       0.19595260611839094     
   3.4776052509154082E-003  0.13131510612447284       0.17204447933032768       0.21646028204455040     
   9.7203451131643984E-002  -8.1152828775882396E-002  0.11993795281336919       0.17441159667663031     
 -0.16070528483575458        4.3454897847774239E-002 -0.12367019049281391       0.20738571006130191     
  0.10565717267699809       -7.5856875003535454E-002  -9.3457356355872753E-002  0.16016235850045285     
 -0.12735014939724235       -8.2048227554142858E-002 -0.10307187167966554       0.18323150091571533     
   2.7419731352858034E-002  0.15681902491619515       0.13755008926420298       0.21039029278871055     
 -0.10043805487033190       0.17851110044691276       0.12176448540646406       0.23828681406071250     
  0.17748738719897947       -6.5467223190239128E-003   3.7793239708721865E-002  0.18158458402497657     
   6.5582823837505383E-002  -7.5319343461728139E-002  0.25197937741628690       0.27104928873750361     
  0.14642899638572482       -6.4169482967363953E-002 -0.18892331723234945       0.24748978427584517     
 -0.13866534022746832        1.9855193963810101E-002 -0.19180389037519552       0.23751007909307781     
   8.6558545199990761E-002   7.4259474117379667E-002  0.12228437510089525       0.16721339550749240     
  0.12669771671528823      -0.11847795319317384      -0.20523365318274461       0.26871953634309215     
   5.2263099730823069E-002  0.17547800318297291        1.8924637646531468E-002  0.18407091868247394     
 -0.16801097107530485       0.11430452048836150       -4.7754446096939449E-003  0.20326341204693341     
   3.9457580341676443E-002 -0.21005779550483217       -9.8110918630492219E-002  0.23517425550703630     
  0.16998483757671209      -0.18376855751692817       -3.4378212245566482E-003  0.25035484088110965     
 -0.16112901101877572       0.10364741666526624        5.4601960456873225E-003  0.19166418265844401     
  0.17742945059237347      -0.24684641860592582       -1.9413320686012630E-002  0.30461654803398558     
   6.2525074059242611E-002  0.21636767862269007        2.8072524940961647E-002  0.22696348581929734     
 -0.20166028223997723       -9.6527912300938837E-002   2.2191632465621700E-002  0.22467081661349400     
