-505966.4493
-505878.3521
-505890.8050
-505963.8200
-505926.8222
-505891.9215
-505868.3724
-505881.1881
-505891.7886
-505885.6531
-505914.9367
-505925.9280
-505876.6203
-505905.9238
-505909.3064
-505887.6186
-505871.8868
-505864.9095
-505786.7273
-505845.5541
-505841.4645
-505796.6619
-505795.6837
-505774.3743
-505765.1133
-505769.0411
-505789.6971
-505810.1932
-505755.1503
-505690.1641
-505763.2268
-505698.9681
-505669.4016
-505729.4281
-505721.9390
-505691.8540
-505704.0146
-505704.7610
-505724.7674
-505661.1466
-505624.2950
-505754.5188
-505734.2832
-505687.9761
-505643.2626
-505697.8581
-505725.0817
-505666.3189
-505610.4350
-505633.5383
-505686.2568
-505713.4351
-505633.5760
-505635.1136
-505591.6861
-505601.5227
-505535.0320
-505614.0313
-505619.5314
-505656.9037
-505650.9781
-505563.5683
-505559.2360
-505618.5705
-505628.2674
-505593.3657
-505567.5135
-505562.5115
-505583.1458
-505559.4160
-505565.4587
-505529.4680
-505496.7923
-505593.3596
-505661.7549
-505653.7720
-505642.1070
-505627.6240
-505607.6918
-505576.9313
-505602.6403
-505594.1242
-505574.3174
-505620.0302
-505629.0101
-505578.4166
-505625.4950
-505566.6240
-505559.2555
-505591.0692
-505600.9822
-505630.9096
-505617.4619
-505613.3393
-505602.1197
-505533.6611
-505572.6776
-505516.5158
-505580.9412
-505589.7785
