-505956.5185
-505866.7971
-505879.1847
-505951.9951
-505913.5475
-505885.4066
-505859.5297
-505867.4955
-505880.5156
-505878.8908
-505902.3940
-505913.9724
-505867.1705
-505900.2313
-505900.3139
-505878.0198
-505859.0939
-505863.2170
-505780.3677
-505838.1767
-505835.1370
-505782.7495
-505781.3330
-505763.8596
-505756.4712
-505763.4138
-505780.1927
-505799.3606
-505744.6765
-505684.6636
-505756.5685
-505693.4486
-505662.2300
-505722.1023
-505710.7585
-505684.1784
-505696.6246
-505699.6906
-505719.4449
-505653.1286
-505612.9386
-505742.9451
-505725.1307
-505677.7203
-505641.2555
-505686.8281
-505716.4642
-505657.2957
-505597.3054
-505626.3376
-505674.9650
-505703.8623
-505619.7105
-505628.8331
-505583.7249
-505591.5211
-505530.1558
-505602.6337
-505612.2434
-505650.4445
-505637.3576
-505553.1497
-505551.5074
-505611.1548
-505620.4251
-505591.3072
-505558.9305
-505550.1897
-505574.3043
-505549.7275
-505560.3898
-505524.4281
-505489.7760
-505584.7940
-505650.5124
-505645.9711
-505636.7868
-505614.8881
-505597.9839
-505563.8821
-505595.7837
-505584.0222
-505566.7852
-505610.2939
-505618.2629
-505571.8569
-505611.3660
-505551.8959
-505549.6250
-505585.9833
-505592.8336
-505622.8358
-505611.4505
-505607.7877
-505590.5662
-505524.2107
-505565.3653
-505507.6765
-505573.6815
-505572.4650
