   5.8944022629298640E-002  -6.0546025987681135E-002  0.36292479192276361     
   2.8423563494303153E-002 -0.45388910655192827       -1.5433284787865063E-002
  0.35508336369460514       0.21514890295592587       0.20116535935569180     
 -0.23295288335882808      -0.37395592457485838      -0.14841646570333719     
 -0.11295825559822424      -0.42823609003462293       0.10371651037359704     
 -0.30019571016662172       -4.6839744008557845E-002  0.19403899547706716     
 -0.28556565581122167       0.12583357392361816      -0.34089800418857613     
  0.16580747622244008      -0.12391501306520164      -0.40655179761994253     
 -0.11767570748653017        5.6161285021437142E-002  0.43024566455454955     
 -0.27074055319111706       0.36267618783351285        6.0235994858501549E-002
 -0.30172861404595652       0.30761576638877630        9.4590130029458375E-002
 -0.32822181125455596       0.24983137974374653       0.13262958469745634     
  -9.3398318192847496E-002  0.31057788445035550       0.29252665896717700     
  0.24945952551715589      -0.10198150079478743      -0.34706552926369716     
 -0.37904025766168908      -0.16586592950502116      -0.13129302434860632     
 -0.16044796454093480       0.18078223029651252       0.31601156223071941     
  0.24320944829263957      -0.33151587951333078       -4.1804762911626672E-002
  0.24858858347883589      -0.44004076788802249        5.5221523998956891E-002
   6.5079351358822146E-002  0.35927338423806310      -0.23866315531816815     
 -0.11832265443633309       0.10816252999599121       0.42656458883988607     
  0.40632543708477376      -0.16314304966074036        6.9360659779521772E-002
 -0.29334034089699867       0.15041756423322666       0.29001614535519349     
 -0.28640009071751671       0.30512620151491532       -4.5153563807305799E-002
  0.17459791179287260       0.35297924117259027       -1.7325408884672149E-002
  0.25373068674921734       0.31809849565608922       0.34956960801480247     
 -0.23274997883374060      -0.35704692134341359       -4.5371672758421661E-002
   9.6559216681453355E-002 -0.14831136994280686      -0.42500320979166956     
  0.29842137746221564       0.37549486547304628      -0.14432558018523112     
  0.17306789958730179      -0.37735528759364223       0.26225525538779393     
  0.32193568249978832      -0.23526469616829587        5.4883472085944525E-002
   8.9547365745702365E-003  0.12453740228314415       0.35590065656488318     
  0.21317739810166231      -0.35080509327913606        8.4133769782835433E-002
  0.34855866820450110        6.5579356891044494E-002   3.1895274663811646E-002
 -0.32465873451157079       -3.1007050813489548E-002  0.30194559967394818     
  0.24271216594962083      -0.29663533184713431       0.16178918419901561     
  -2.4449399816785997E-002  0.19913672196843724      -0.40144065894526465     
  -7.0962995323739148E-002  0.35310087715969518      -0.15078165218528322     
  -5.8820105891784012E-002 -0.38272113559136328        4.9610548824694893E-002
  0.31260156035719633        5.5774083170563794E-002 -0.37718724076705379     
  0.11365462359627043      -0.21718724992622215      -0.39816519093610736     
  0.31851558950012621       0.15855647034199635       0.34741529144332201     
 -0.18249846755772628       -5.4679297495636242E-002 -0.34300883906714696     
 -0.17991690510454503        2.5204355845435289E-002 -0.33947265986607261     
 -0.42537904880301242       0.26738890633503826       -6.8618490074115190E-002
 -0.27464408758390302      -0.28073984447435074       0.23510511654462107     
   6.3245632863209666E-002  0.32620774679509895      -0.20019574681352281     
 -0.31680233027499988        8.3626903340190378E-002 -0.17949013523545784     
 -0.10408719866987470       0.38201308416254987      -0.20478151454871449     
 -0.21505715058702546        3.1314830081440967E-002 -0.27884720356984732     
   3.8485700080388457E-002  0.22032246728036481      -0.42809425904489706     
 -0.13350340811511385      -0.40929343101052934      -0.20882014978338573     
  0.18163807161547024       0.34163716135320005      -0.15060222707772877     
  0.13359850579638324       0.42738566126694610      -0.16132082582367047     
  0.15830519588155653      -0.37805649497909000       -3.6094643408481064E-004
 -0.21571592524614905       0.27893788361703409      -0.20975157942189587     
 -0.25007338191471706      -0.24359239927350732      -0.31427868005041831     
  0.38687285656473425       0.11753271739400384      -0.12639279765172742     
  0.23473528084621609       0.27347073269917094       0.12741067958981031     
  0.37646930487076596        7.8443735043505686E-002  -7.5162294217936174E-002
  -4.6767519951069210E-002 -0.37934245251031379      -0.34031857393938397     
 -0.28973184721050810      -0.26883481577935187      -0.15644805377981438     
 -0.19966552552657241       0.29246924334027913      -0.24273315144170218     
  -6.2093752239382800E-002 -0.32854665628743218       0.15890086189367078     
 -0.17923610775951959      -0.33899577840204292      -0.19437964501893706     
 -0.21012045174641747      -0.33703738257616533      -0.11389640777283933     
   7.8205698121398774E-003 -0.41217161894896903       0.17881648829525160     
  0.14093036847672571      -0.45739204923089316        3.0105775672567225E-002
  -3.7948920993063420E-003 -0.24419588508755780      -0.43006113439236471     
 -0.28313526893368057       0.33799027296511791       -1.2710355091801153E-002
 -0.24440274469722656      -0.30484957425093878      -0.21785334009633228     
 -0.24304547324832576      -0.23939096494185452       0.26583516404749491     
 -0.10782669002523193       0.35481582784714644       0.26329380007920472     
 -0.32020000395735121       0.36329445917280612        4.8139602936978672E-003
 -0.18402320921861465      -0.22365081872332787      -0.27330783239479300     
   9.8850011012195663E-002 -0.37450094432985198      -0.17403476266004056     
 -0.51662958562812089       -6.7892372812076163E-002   1.8496661626684625E-002
   3.3455081716138479E-002 -0.16636940921896942       0.39932601809009860     
 -0.27924955965253129       0.16057318961540468      -0.21679232523712566     
  0.10643825276550380       0.39973345951472500       0.24261500426139698     
 -0.45888396076069932       -7.1347695616605838E-002 -0.14330973321903312     
  0.37547823940311137      -0.31241088398432310       0.14648625080796721     
   6.7395481286758457E-002 -0.41218800990248650        7.0603175949903674E-002
   7.3465527441003708E-002  0.12435859389739143       0.35466664235264561     
   6.8117499274532201E-002  0.36950581902348467      -0.26407078005031565     
  0.10087384516311126       0.36423734594137791       0.18421664218936926     
  0.23534289726724958       0.38173860688951028       -9.2493232932645358E-002
  0.29314870846097596      -0.11163535637412618       0.24747698472977209     
 -0.25393706733581572        2.4491355188971772E-002  0.34759734305583306     
 -0.11821953340457153       0.27800919187584811       0.29630319267493116     
  -3.4214828204658210E-002 -0.19607617691542814       0.36842036396448191     
  -9.3475252900280387E-002 -0.34471156477948317      -0.27152572314704609     
 -0.44867279018889683      -0.14421291487165802        7.0828945367900215E-003
 -0.15359862808070782       0.35556822679482358        7.7599842662553098E-002
 -0.21518117488780733       0.27782734039088597       0.26398988332756707     
  0.28158048780916267      -0.33286389403656641        3.6372883209032994E-002
  0.41400790741424792      -0.21882403706325060       -1.6069121134217414E-002
  0.42255369897567985       0.13677677656823228       0.10203028611283130     
   7.5058111737136640E-002  0.35499517715699730      -0.16329148320557413     
  0.32075884598997684      -0.28358750107220071      -0.10245330888545127     
   6.8895911791510903E-002  0.39438546726842616       0.11545596264828950     
  0.33758429007927587      -0.20131744096808921       -6.3097362151456365E-002
  0.17233955569655712       0.23651993610825750      -0.39425151838089140     
 -0.36854906878345323       0.20422402290001751        1.9017961901691277E-002
 -0.29125239977082634      -0.31819493166542556       -2.3472055279511878E-002
  0.24032478341727398       0.14994419012583002      -0.30154259622193202     
 -0.35582347956300647       0.20123247383689802       0.15209766881434297     
 -0.40560784227723251        6.6383133231132735E-002  0.20417948230931887     
 -0.10883134514732981       0.18845235937031710      -0.28322517376398848     
  0.18426853315702038       0.19496515634917974      -0.25803369187475689     
  -7.5484400564550025E-002 -0.20597620776225095       0.50729170377876098     
  0.32097394558485498        2.4915105326891798E-002  0.29088668222820441     
 -0.18453847380197633      -0.20979501290855743       0.37093368271703420     
  0.26267306319032319       -5.0658741750448516E-004 -0.27532264704821291     
 -0.20572571024616373       0.36973206060461522        6.1143558278055947E-002
 -0.34707798562199199      -0.14534838444334389      -0.24979411406013424     
 -0.43117870852222262        6.3557300486771745E-002 -0.14647432269540972     
 -0.43248932909400256      -0.16503906444842972        7.5974814595209689E-002
 -0.39709218404589852        4.2578742748105643E-002   4.3135273873955951E-002
 -0.17292538651028144       -9.7399218430702206E-002  0.39720127396458138     
 -0.43245378286571096       -5.6904828500355650E-002  -3.7007645557738507E-002
 -0.20074528951193049       0.38486262946997324       0.12840226208897298     
 -0.14260384263562617      -0.26087098170286410      -0.30045064034500812     
 -0.23567048865437004       0.43295166858879663       -1.5199489037651559E-002
 -0.24505467823697319        7.9477149061968386E-002 -0.30530999880416354     
 -0.21329281347399501       0.29744345501739600      -0.14311040765113803     
 -0.30690394187620806        5.3691661321001852E-002  0.32148608595913447     
  -8.6495931886968178E-002   7.0342607860679349E-002 -0.41063696101519442     
   9.0611092888266756E-002  0.35931202046616195       0.26454223162392243     
 -0.15024882679259691       0.23608020555001863       0.28355097049314487     
 -0.19774827130526862      -0.21513289960228951       0.21563297015603042     
  0.12520579984922792      -0.31180895289352495      -0.32363656039294136     
 -0.16987105444722655        6.8269063157803567E-002 -0.44754227155436155     
  0.22654077394005723      -0.15494225137617268       0.32700565427621503     
 -0.33219862405160527       0.20675530464413561      -0.21549117420385591     
  -6.9747523660517410E-002 -0.25450370140227707      -0.34017827284082358     
  -6.1471911015231404E-002 -0.40231026625636623      -0.21657504001327338     
 -0.21869109616500945       0.18687627114638716       0.26477141758253320     
  -5.5529401472815522E-002 -0.14479808055426052       0.43234318177806424     
 -0.14648931462215081       0.44234857257456345      -0.10063639350279882     
  0.17297126561761617       0.26890035460790879      -0.26614196803458295     
   7.8838239071475150E-003 -0.44805609731400770      -0.18650307801837615     
  -4.6024769848440575E-002 -0.33007532188958788       0.29825887629127018     
  0.33226216426912003      -0.13578960152378644       0.27668967700028546     
 -0.27038790334600449      -0.16782108704305848      -0.28819462097710935     
   8.6479740222147605E-002   1.4227622596842911E-002 -0.41387901232315494     
   7.6365422058568666E-002 -0.22190085885051591       0.30765546706941099     
 -0.34054176089129512      -0.33606070352090206      -0.18345396581723428     
 -0.27670300171488749       0.18868731235813019       0.27192193695728756     
  0.38310032377670189       0.14448686632449076       0.19633105591652705     
 -0.14721342713416938      -0.40703585411026244       0.20878044981922569     
 -0.42197197264616748      -0.20933144245534507       -3.1341886786131076E-002
 -0.32962209922435065      -0.20841782916268822      -0.19389892612158571     
  0.14330695418620737      -0.28493029726814784      -0.15938782114363284     
  -8.2908101688521987E-002  0.40996641781231158       -3.9047387835984645E-002
 -0.13789845981143245      -0.22186090325960406       0.27299147463673845     
  -5.2133112075790619E-002 -0.24907617548404659      -0.35068576797497253     
  0.29029026979875983       0.32449896425589897      -0.27777488375029580     
 -0.12791239081643349      -0.43761609041188987       -1.2710864595705564E-003
 -0.31308934555916335       0.33028202645148796       -8.3279828032020373E-002
 -0.36819993973334986      -0.18431054496206251      -0.17094497692522428     
   9.3139451282899133E-002 -0.38940614524491685      -0.26169433244672147     
  0.17898646633301796       0.36575025580833725       0.10536213610856318     
  0.12151499385821879       0.38606348238691796       0.11737733547348894     
 -0.37978063206522272       0.12624753579115719      -0.15539826952359029     
   3.7875511423067547E-002  0.14747241350568063      -0.32928303926645847     
   3.5739703963177646E-002 -0.12774791061964175       0.39704215175574270     
  -8.3514509437295881E-002  0.30953883759552137       0.27413210572029995     
 -0.16882211582540826       0.19718975323107027      -0.28136044664043625     
   6.5465126813028948E-002  0.38653719999286767       0.27224632437291785     
 -0.31265987838812603      -0.15495312808402287      -0.20278632020326259     
   2.1320618756449132E-002  0.21736967195414142       0.39395248441224695     
 -0.41013489310883799       0.17453859868632424      -0.10586182430031560     
 -0.19339130185304412      -0.21804141053016873      -0.34532977825273281     
 -0.34887257685277617      -0.10962740617105754       0.24831602374513723     
 -0.11272146258419978       0.42544416974888721       -4.7729574063539344E-003
  0.25698723099735654      -0.29219215450844344        8.9120310047925311E-002
  0.11150263690546119       0.44773245441249482       -3.7435405633925611E-002
   2.2320793129965863E-002 -0.48902074638198417        1.8672633642618709E-002
  -6.8384866084755906E-003   3.6129606882040664E-002  0.34447126265729522     
 -0.28790392154688571       0.21075976415443870       0.30376460617323525     
  0.22981775992757569       0.18695860348826421      -0.29797787325658659     
 -0.14407689977910798      -0.14012458916772752      -0.37435950297683757     
 -0.33960434078861756      -0.15616211628700902        6.7897458152802820E-002
 -0.25332924098708148       0.26376466098748114      -0.28710147941002334     
  0.11956397235132002       0.12103734260154470       0.42923573768451811     
  -9.4158964722552724E-002  0.19702900214802935       0.37568887343801055     
 -0.29227570997363717       0.24907970686010170       0.16347235963161871     
  0.26975247430517407       -9.5302771417297927E-002 -0.28978164710303700     
 -0.34194588753482785        3.8933064884934740E-002  0.23245716603128955     
 -0.12207219587495566       0.22830531277010019      -0.36395244116833958     
   7.2397370251930632E-002  0.45250893466233111       -9.4535323763176249E-002
  0.38222281313150941       0.23345018851707325       0.11744089966739459     
  -1.9874682252506520E-002 -0.12472881393669714      -0.44497208966749213     
   5.2142023542488661E-002 -0.40766114938283404      -0.13713231116108646     
  -9.3235244225044658E-002 -0.34127564663765997        9.9877670603366192E-002
 -0.28970427120968562       -9.0111811511605411E-002 -0.38318513859486591     
  -7.3671010217939342E-002  0.38271909149586192      -0.25688477058858294     
   5.8722501898877566E-002 -0.35565056492500940      -0.28447596451312046     
 -0.24848830180039908       0.38778648936988008       0.10157758878670094     
  0.32646521233011111      -0.23113205692818670      -0.19743230227387892     
 -0.18015493394993745       0.22785152819781698      -0.27051005357031255     
  0.41434917554966100       -1.3939015369704599E-002  -6.2683887740396793E-003
 -0.39808674739132804       0.13921790177276963        1.6376406764691737E-002
  0.25648560556450911      -0.22823578001968364       0.33557755571767139     
  0.11019443226620754      -0.21813064775505037       0.41189977095496499     
 -0.17728573196296363       0.20462830432814483      -0.30138755211252222     
 -0.14599129781642900       0.34094517400325081      -0.33124147753451028     
  -2.8122580120555324E-002  0.35003757041874933       0.18737166229605459     
  0.29894957343909145       0.21080493171034109      -0.17677981625737882     
 -0.16009113418393778      -0.41012298776086487       0.10571900990460142     
 -0.14287968689388397       -7.4801496345722890E-002 -0.45777863904862132     
  0.25217823372107412       0.43296573155301477       -5.0263245024980849E-002
 -0.22337049406674583       0.14293782705464669       0.29612697647304886     
 -0.16261852948608863      -0.27587295356729497       0.30754088951555825     
 -0.25763881515030035        6.7331277560704866E-002  0.37995261252765666     
 -0.41396167064049239        7.4152634138439033E-002  -3.5289668937565868E-002
 -0.20628492632159262       0.24757282924998619       0.29122448096701065     
   4.5021346855680787E-002 -0.31851648748536665       0.23336505707338684     
  0.40127162981356829      -0.21571227312051788       -5.6043370425395221E-002
   1.4261797668305820E-002 -0.27471634763040803       0.30242531168407594     
  0.16853999742758358        6.8894714371431007E-002 -0.35218353307212991     
 -0.41390528916261315        5.2283135932016160E-002  -5.8381784595795558E-002
  -8.0206836980069862E-002 -0.34106785530506351      -0.19316271045524311     
  0.13065734723672781      -0.40774051263658984        9.7183566357257639E-002
  0.11925730455821465      -0.33755339963644626       0.16109236921442191     
 -0.32298416271417357       -2.8417527354077134E-002 -0.33978965755051804     
 -0.26563817218540420       0.31859009350448120       0.23787005593970517     
  -8.4858434742873690E-002  0.18460196918129251      -0.35819157859687772     
 -0.27921273311486183      -0.17603567343938403      -0.32990685479999771     
   9.1310087843660681E-002 -0.23297781825663960       0.30026480449772597     
  0.33900671109415520       0.21503089385372917      -0.13095575167224388     
 -0.30758206034521479      -0.24985899753470811       0.28564445216005424     
  -6.9515113794403616E-004  0.38228917689783948      -0.16829130453868829     
  -7.3787673632519118E-002 -0.43698330826129772      -0.26669653121974207     
  0.28532532418384915      -0.25155934190763884       0.19522176440198985     
 -0.20676534317135756       0.12368109152410144       0.24192394474410067     
 -0.16726994015826158       0.19062978866541869      -0.28761474909737011     
  0.14929679950869329      -0.35642767044704282       0.23395727976436137     
 -0.30670169798466163       0.10983206370264194      -0.19870864040683073     
   6.4235719080396880E-002  0.35194811047831404      -0.27086888238004420     
  0.17800650641127674       0.21148072082215158      -0.26279497800594598     
  0.38602732396295353      -0.13862838473648958       0.14361669891115936     
 -0.37944952750594507      -0.18095979122900518      -0.20757998861013138     
 -0.31806807030956158       -7.7339801456397947E-002 -0.22188305424860541     
   9.1295893974868786E-002  0.17935821212829342      -0.37592222330634312     
 -0.38921169711841730       -9.2158029855754525E-002  -7.6221984774046715E-003
 -0.15004004122157530       0.34055051891874727       -8.4614723338885478E-002
  -3.2499491557623612E-002  -1.2402820797725866E-003 -0.46689232764146565     
 -0.19916542613225752      -0.29657953936228770       0.28299254061849038     
 -0.13403576430059710       0.21296403025682037       0.38441067348943531     
 -0.31008081148637084      -0.10802233018574559      -0.24617511681480753     
  0.18762405116787084       0.19432498418273886      -0.40908918416263512     
 -0.13258376870626118      -0.41286589558313830      -0.22696890119484683     
  0.34967256912018185       0.28581350224468455       0.10081755735291351     
  0.22103284242428689      -0.29284282610937101       0.17258729707296513     
  -4.7741690670292235E-002 -0.47564246952250461        2.5099350407703232E-002
 -0.26031665003881960      -0.31092720837536675      -0.19648842364706265     
  0.13413452194157141       0.38769957553090650      -0.16162656984440152     
 -0.29245832786406739       0.17224039450625930      -0.31497412414026005     
  -8.4304347595141924E-002 -0.32596312369410269      -0.16800071947403386     
  0.26299543045073459      -0.24825211324144072       0.22608554887299220     
 -0.25468766278392813       0.22396095964758814       0.30047419771177120     
 -0.38430375096945402      -0.10624085715735729        3.8645048541174475E-002
 -0.22174523403824128       -5.2581524201936562E-002  0.35139485263569414     
  0.33893006880936105      -0.21761992212666492       0.21440230081986000     
  0.28480874733775796       0.22182403944393786      -0.15077295349688402     
 -0.15347127669370925       0.14510045342787545       0.37739525686366027     
  0.31049432862052723       0.22620411639985163        6.3175826915121636E-002
  -2.3958212153321265E-002 -0.24269093876353681       0.38325909793873408     
  0.29308315968181331      -0.18098148702947842      -0.32326892213670871     
  0.22853083513366723       0.34511012119417939        5.4536601721056621E-003
  0.39632660383839569       0.20139311665369383       -6.2302958654845982E-002
 -0.28066718994577444      -0.26581277854870555       -6.6016671673118463E-002
  -7.9531445108181192E-003 -0.30444847454378948      -0.21597617750475115     
 -0.33151117817997533       0.26294576350595594       0.19172282329768225     
 -0.11271583172436503      -0.31579955952727262       0.18629286464993555     
  0.22821039529988801      -0.18344939934851157      -0.35066213906030741     
 -0.18722738336556546       0.19401711450396411       0.35216615503675530     
  -8.0326054054507962E-002 -0.46047834586657482       0.16133527016505914     
   7.3696651133539390E-002   6.1023069866042244E-002 -0.38741601330424058     
  0.30005640574730363       0.35089255057875135        4.0622116248044557E-002
  -3.3878848258463157E-003 -0.36717957244163352       0.21309775623334226     
  -3.1800948124192700E-002  0.33693795005127442      -0.22798144802890985     
  -7.0363615825138476E-003   5.7194166345628364E-002 -0.31878459269476628     
 -0.28464642889215497       0.14772854996709434       0.26106034637428466     
   4.6543317405261748E-002  0.43577534896228559       -7.8637004450202011E-002
   9.6679409445031894E-002  0.28952308247461173       0.29930089581502706     
   1.6074890236428482E-002  0.38511473646596273       0.30071339052011059     
 -0.36099073593741959      -0.13016575073856121       0.21480213871844034     
 -0.18744578457000552       0.16175696608859819      -0.30014038650835362     
 -0.25272865849516679      -0.24954467602572250      -0.28663225738463338     
  0.39293610845529953       -2.7702625862524470E-002 -0.12555007673862389     
   6.1550477237356904E-002 -0.44440172621566099      -0.12815327919347186     
  0.20619674013402650       0.16027136849745624      -0.38090177011995341     
 -0.36600786674336599      -0.21032830419490656      -0.13112049309744420     
  0.26092905384473603       -2.5451631497176153E-002 -0.29129599091723296     
 -0.26946870344801338       0.30580777239588192        9.6405814721908456E-002
  0.37038282561647207       -1.8990370042142199E-002 -0.33422947322751573     
 -0.12544763154867933      -0.32872847478466366      -0.23132758221758820     
  -2.8052383635160518E-002 -0.42926360765389743      -0.23063733783157589     
  0.27801644565560890       0.29961289880818714        3.7864403471540069E-002
 -0.37398193358240889       -1.1585577315042506E-002  -5.9801073061785975E-002
 -0.33357394201052809      -0.18148420554117400      -0.14046564013435636     
 -0.33231094092359342      -0.28468362966065197        8.5830105294902648E-002
 -0.28362174247158656      -0.19057773118242430      -0.20190049564729273     
 -0.26009014881088360      -0.29386508971169939      -0.25798750031584250     
  0.31082626753531650      -0.18762648211184388       0.23026561498713299     
  0.19487878620215332       0.30773040672135776       0.24825973177844241     
  0.13791469410432505      -0.41342835222497598       -8.4167644620471355E-002
 -0.15001123880158579      -0.10253707173680404      -0.31191394542356682     
  -9.4764471262824522E-003  0.31210817403403346       0.25418193416385126     
   9.5106360112613544E-002  0.42891842773327504       -8.8553109057947055E-002
 -0.45131378149428408        6.3481820828854424E-002  0.13662242097441440     
  0.17923993149217080        8.6549096011017304E-002  0.37934420631542243     
 -0.17444873229258398       -1.9233529846772682E-002 -0.45292500029909361     
  0.16172698450551548      -0.21695917887888375       0.31554732240832550     
   2.9581481435413962E-002  0.10690162239121243      -0.39766496130733309     
 -0.24369087534452011      -0.10337569801700158       0.34584147435646850     
  0.15296263319508263      -0.36571516611270916       0.25403542830048809     
   4.4585815597113457E-002 -0.33885659062132489      -0.29044592055127949     
 -0.25226305836487173        5.2127713487830837E-003  0.23007700180493823     
 -0.16643586425751805      -0.39071187202112589       -4.1578240565267897E-002
 -0.39722382962851099       0.18776799637463559      -0.19400393548328346     
   8.3766687234607715E-002  0.47335980404792588       -4.7150166015224940E-002
  0.18482820463113303        8.6761391841752383E-002 -0.41865924122532355     
 -0.20376238254711121      -0.20080702165173928      -0.30216866780174073     
   2.4389725446930979E-002  0.12686875708574161      -0.46246013202045266     
  0.10427802069910833      -0.31001093519802614      -0.25895190653029188     
 -0.18906618014857543      -0.25989208484805870       0.24545106480871343     
   7.3452401897736164E-004 -0.38182464504309832       0.15334899124909432     
   3.2899238637109605E-002 -0.25360499160202310      -0.39360677434136615     
  -5.1298369688796933E-002   7.6982715690899803E-002 -0.43041399411079395     
  -9.6671108404321748E-003  -7.7386356299119760E-002  0.41327678773812021     
 -0.23157428766179816       0.36823015519077279        7.7078256248528640E-002
 -0.46630859057289353        8.8216801613207843E-002   2.5160849931505781E-002
   2.5423335384419061E-002  0.41436264059682248        6.2938391944569475E-002
 -0.13028414826851087       0.34030348800145044      -0.14182641297020862     
 -0.32971359255385940      -0.10973098455979882       0.10205648048752192     
 -0.42043760444564576       -2.6838533210973070E-002  0.19007333398751924     
 -0.30106520615613969       0.14611588431157613      -0.15838809280608290     
 -0.26252399851568203      -0.17265982082366343      -0.30339562610426424     
   4.4836779529725784E-002  0.40991346321584338        3.0214840943626191E-002
 -0.18253784909831033      -0.47960530088855163        3.1622668192912845E-003
 -0.33456197697554957       0.40039071891158418      -0.13749406522078494     
  -5.7832282824490995E-002 -0.14589450221728992      -0.29689409810011913     
 -0.13228528263209444      -0.33290893755828466       0.21514837291387653     
 -0.34857528662089360      -0.24074129444911363       0.13058015987121935     
 -0.27993508866087924      -0.28133178479108056        6.6464205430706524E-002
  0.21518022302868811       0.33203506888276629       -7.8936549397359904E-002
 -0.36661247985354417      -0.11518464374055737       -7.5119683404232640E-002
 -0.32774342454323557       0.10706482192140383      -0.26899966287104976     
  0.12913827316623666      -0.27523508395949653      -0.26027036595897884     
  0.37693773711436307       0.28388488731524064      -0.12148287896329282     
 -0.13857208370843632       0.32671456077080174       0.30531640980168728     
  0.34269019535008932        8.5997514804831005E-002 -0.28653442960800757     
  0.11057658295864700      -0.34711728615287435      -0.16114698449772305     
 -0.27431882816076270      -0.22602354065987421      -0.20880114010850231     
  0.31182524924039756       0.38372606883416283       0.14117186553209141     
   3.2440607277449490E-002 -0.34969286028829710      -0.19996307734127861     
 -0.40445618004491518        7.9793118179500161E-002 -0.15958843342492174     
  0.39823251728407855        9.6256530627375589E-002 -0.16874087314073904     
  0.39479682729385235       0.22126389712498670       -5.0400364614629524E-002
  -1.5949964857762334E-002 -0.17889078121372962       0.48950266539381815     
  0.17412270748047395      -0.36925667819789210      -0.15051914246434345     
  0.35149442028846029        6.4939708656911926E-002  0.29127501110606979     
   2.4710027626760035E-002  0.16259229361699096      -0.39318021258320446     
  0.25282431153978702      -0.24714884504965021      -0.18145621956890876     
  0.29307036482486221       0.27912230674162408       0.22605587401429922     
  0.28261992758686116       0.33406425581846977       -5.0919681050386884E-003
 -0.10353144845948217       0.30912005193224240       0.27955798267161880     
  -3.9287031760694337E-004 -0.27516533694270301       0.32976433774034225     
  -9.7791253730345182E-002  0.40619278600880898        7.6431037198449389E-002
  0.14358285674440491       0.31254656302687750       0.26489020372305500     
  0.26877880020356043       0.18789109861349593      -0.19912516587309698     
 -0.11744527588896619      -0.15737236778686703      -0.35163924445749972     
   3.7524618099376746E-002 -0.42221803206476788        8.2281551408762782E-002
  0.12740519715287849      -0.11895382862626983      -0.43890517379850441     
  0.31031475900874156       0.12900197929555665      -0.30260628548209489     
 -0.28517745527891247        2.7687362822462827E-002 -0.33563463413001043     
 -0.22013674683324944      -0.36860614389512869       -3.5179038570670285E-002
   5.5353214824947490E-002   9.4218462529905206E-002 -0.40408542207521581     
 -0.18847807459518134      -0.27915605088561757       0.23223087870612583     
  0.44911544057543817        6.7480501642741275E-002  -2.2485982760100272E-002
  0.16982324552586386       -8.8180241205683251E-003  0.36512796688966664     
 -0.37620834806289333        9.5145804188462732E-002   3.7156205372783968E-002
  0.35461378408322930      -0.13977751028822288      -0.12594650822923398     
  0.16260226068826594       0.30126954739103456       0.17557235215597422     
  0.26254370099586050       -7.3264637732161006E-003 -0.31791172480020802     
  0.44033946363300663       -5.0083608974202179E-002  -3.1726857875133595E-002
 -0.11798468672032474       0.35254366623353728        8.2445406618719214E-002
 -0.40537292732615493       -2.3181444797530065E-002   5.9101138623038937E-002
 -0.28823549735607318      -0.20282044159541879       0.35725325276712216     
 -0.10910395817242888       0.32793057521990132       0.36821580285485556     
 -0.20486498901862271      -0.33471431900961879       0.22115221700656251     
  0.10986647798971080       0.32430577084821000      -0.25875752101736071     
  0.24585470592973194      -0.26393830568659893       0.32207452179878504     
 -0.26037328727269615      -0.30771368849443864       -1.4874345741641398E-002
 -0.24168512805466730      -0.16872164782020538      -0.35308716104340848     
 -0.37576371772884432        5.5218387288965859E-002  0.22064325811814889     
  0.34933860088865704       -4.7541459475998797E-002  0.28801376586729432     
 -0.42754938539061310      -0.10329434726501069        9.6461512789107501E-002
  -4.6331290789996267E-002  0.40958426756035676      -0.15264875957728199     
  0.15824164917335687       0.36804788743910666      -0.23263021609343043     
  -4.0049974871829624E-002  0.25739185009833787      -0.32094299457841041     
  0.28233298467851453      -0.27612295316861407       0.22327668134152179     
 -0.12927669641403289      -0.36667147381823834       -9.5852340784014486E-002
  0.19478281790066482       0.36191015738126936        5.0283120629746408E-002
  0.24507200197046114        2.0892928290753791E-002  0.44023372834792451     
  0.23684693109571825      -0.38859865255889758       0.11799989550687488     
 -0.19195241586990533       -5.0052147876078729E-002 -0.38329909547071589     
   1.8617953826497165E-002 -0.45816971465909728        5.3217279448999559E-002
  0.26969272281342799       0.22289579799053788      -0.10118947387003045     
 -0.31363062371222183      -0.10324222689386264      -0.22104423499285536     
 -0.18688406053532769      -0.34754557188544549       0.17849849215196709     
  0.28811402494631155      -0.11402020005784122       0.31384727808465451     
  0.15593419182511314      -0.40102170865234504      -0.16050168060565279     
 -0.19667766645394669       0.25129122470793452      -0.24821400833939281     
  0.11579329589557844      -0.34156918802572750       0.22006532074930010     
  -2.7530618730520387E-002  0.21867136180374716      -0.44325066754267145     
 -0.30567002233386364       -5.2789435287213811E-002  0.21744471362505308     
   2.1984719691071603E-002  0.45021994643895830      -0.10524966463101898     
   9.9217215137656842E-003 -0.34889358064592246      -0.24451852611909913     
  0.42316778336974759       0.12174580456509793        4.2438298565032714E-002
  0.17898169288317040       0.11335694646829877       0.41495873907616854     
  0.30456981196457911      -0.20544422279280070      -0.30636314958140243     
 -0.20660502054530294      -0.28225495763926811      -0.30955535968385056     
   1.0296936052580363E-002 -0.32628521293566581       0.38281137254118153     
  0.24523241955433225        2.5700968326786033E-002  0.25790745300305157     
 -0.13855665186020322       0.34536258407038767       0.32091540805835317     
  -9.0991208541456273E-002  -8.4955251964936210E-002 -0.38619987920288562     
   5.2343329129366609E-002 -0.40158442675864553       0.34773207520258420     
 -0.18479609828301891      -0.29637857257383804      -0.26136669838063853     
 -0.13241982908808417       -3.3910859737839430E-002  0.38601947640237882     
 -0.23201580541902017       0.21686541991312636       0.25423481999341208     
 -0.19030600574445633       0.19433145181401201      -0.28521689229250852     
  -7.1136244448326058E-002  0.25333896277156137      -0.32751611915625611     
  -2.1737104425930007E-002 -0.32596511656527200      -0.24195686525890409     
   2.8546224865489273E-002   7.4657433875000082E-002  0.44936255351797472     
 -0.12843040964959546      -0.28705405423219876      -0.27124008276071110     
 -0.37249095697613221      -0.17015016325031204       0.14382119896594542     
 -0.17671976135501408       0.17576015766247155      -0.34358036169605105     
  0.16936507386983574       -7.6965235041101421E-002 -0.35057893623987818     
  0.20049405426855396       0.25619140055085832      -0.37971949734762533     
   2.8099406221356756E-002 -0.41826715685415589        6.0952646219662086E-002
  0.34222583537904960      -0.15228090122672297        5.1245192988766432E-002
 -0.30531790840141754      -0.18672367157128331       0.31779358332924329     
 -0.29274514651676448      -0.10525411026977691       0.18977482847116101     
 -0.13311311244125679      -0.25729198676670900       0.33679938645991864     
 -0.13380271456921644      -0.32546262541943727      -0.28373077146456066     
   7.1817783683056607E-002  0.36515457056848294        8.2769128053630708E-002
 -0.10150349538132157      -0.25572902395959918       0.26706337227775911     
 -0.13984707137015717       -6.9673521412728492E-002 -0.38407113244291191     
   3.2665897205626689E-002 -0.40955998737245014       -9.3739741396631604E-002
  -3.0788211578588239E-002 -0.12901909224663383      -0.40711522409371204     
 -0.13341776656674137       0.31645009244689815      -0.20608848192914106     
 -0.21235146891189760      -0.35686245686864504      -0.27816217360832801     
 -0.32388404156421147      -0.18378804413032152      -0.20718660336484745     
  0.13117960987171726      -0.33981036257558583       0.24796059829111944     
 -0.37668347030743798      -0.20355056511901154       0.30182414490350518     
  0.26157524371155344       -5.5680129343704601E-002 -0.34421861777334606     
 -0.12339001099197137       0.24786392436771254      -0.28708541433197943     
   2.1461016738482899E-002 -0.17131936675589571      -0.34219547302873154     
 -0.28824743739232928      -0.28759874665145285        7.1729698268471059E-002
 -0.14398735544482827      -0.46407098335401975       -4.8163836205532801E-002
   7.7260136066249860E-002 -0.11633765535213947       0.43607027363982998     
  0.27782009550040559       0.12944853709134987      -0.33677119410973994     
 -0.38155362338909438       0.23808062129038615        4.1415471891490530E-003
   9.2722884902702196E-002 -0.28270833661883182       0.30437560317047863     
  -3.9955850269985944E-002 -0.25018053534314888      -0.34408214210201404     
 -0.37070727773080869        2.3704620580891102E-002  0.16846541561830458     
   2.7489048021325430E-002 -0.24944982783202493      -0.36670252909410250     
 -0.14787587336740640       0.23057577369682200      -0.36604106986865909     
 -0.37418675007365854       -4.0445315401804099E-002 -0.10554059203219901     
  0.11902567367105307       0.32684173706457187       0.29213884506917909     
  0.26456257135528438       -3.3814803969830727E-002 -0.28723070035608472     
  -4.4426380350553032E-002  0.47621135901281558        9.2015769253823959E-002
  -6.5828720203814473E-002 -0.29043516687313198       0.24781496663647426     
  0.16648346472603054      -0.31261555799116553      -0.33858737564160640     
 -0.32643183310894863       0.13709264581002728      -0.19467812448138611     
  -3.6584500232212394E-002 -0.14608881265753657      -0.43126814084439130     
  0.32638844505500381       0.26081692670613810      -0.26396395172092091     
  0.38941169362693356       0.20292208456928762      -0.13128453242403160     
   5.1139084743815288E-002  -9.5518363681726851E-002 -0.38874407933743765     
 -0.22432502725308726        1.1970120781438810E-002 -0.34876513634399564     
  0.32958628736207707       0.27022168480078224        9.9640546508330801E-003
 -0.39421007634567784      -0.14482079857178590       -1.0688766828352042E-002
  0.17412844798140326       0.36943296112005425      -0.13947592155674024     
  0.29573370577919711       0.33253634375480640       -1.5300720565356599E-002
 -0.16826496827548101       0.33518793280831344       0.21899921706859804     
 -0.29196760314271203      -0.34204674212290420       -8.5000757849584968E-002
 -0.34760766910795615       0.27325921642210660      -0.14890428574916564     
  0.18532326767302576       0.24703621751530727      -0.26963088659854517     
  0.21690303818742757       0.30761416933172758       0.15932229755491414     
   5.1247514511646768E-002  0.45604128950638384       -3.4835586641160127E-002
 -0.36242172784584264       0.25004344601353135        4.1529041169304115E-002
 -0.10522368251091581       0.33381870526585494       0.44032334159926401     
 -0.19403315751558187      -0.37653141039650001        2.6487008831809985E-002
 -0.22253338454924496       0.35976137534370944      -0.28985655860767801     
  0.27891987625182613        4.9662611827733592E-002  0.28148511730687725     
 -0.12624725980943863      -0.45271068631432465       0.13319224827385218     
  -2.2475335770028061E-002  -2.4794140282280497E-002 -0.45371061998707024     
 -0.14814731827707089       -4.7416292591138186E-002  0.41843727853249307     
 -0.27128396417257494       0.14417951250701447       0.20527940386457499     
  0.31924816761147284      -0.20520409909600773       -1.6632712207357288E-002
  -3.0994120042529064E-003  0.13830879934593723       0.37275709428797787     
   9.2570048899020596E-002  0.44221081183412186       0.18238456385439694     
  -4.6574724268203666E-004 -0.37526195523833633      -0.17908057118856185     
  -7.9570759395948043E-002   9.6512321587233996E-002  0.37414799246197455     
   3.9967242204986389E-002  0.29333778141711569      -0.31808809010567585     
  0.13077908292896973       0.37664923644948212      -0.25937333726241846     
  0.10108995536903954      -0.41809433604240193       0.17157557004917637     
 -0.38716801406496748       -3.3035056101838614E-002  0.27215517352380914     
