   5.4907102776434132E-002  -5.9732121431875243E-002  0.36440931544930899     
   3.0107537342180586E-002 -0.45722458212081707       -2.0764114982601292E-002
  0.34778385242066367       0.21989417217591661       0.20127815969333152     
 -0.23725384387310941      -0.37059677362065357      -0.15050031892206950     
 -0.10628676300860299      -0.43907321844630032       0.10473276507184071     
 -0.29890357479904606       -4.8744488552808093E-002  0.19588957096207765     
 -0.28071038560227157       0.12905048383750981      -0.34045828494239250     
  0.16561653517947106      -0.12358429554552991      -0.40719376474169078     
 -0.11056145620177049        5.7332153056888442E-002  0.42978237177941658     
 -0.26663945692197993       0.35989015358939280        6.7432217525010080E-002
 -0.29858997270007204       0.31271042373318575        9.3714166949330421E-002
 -0.32862339480108593       0.24913168401931257       0.13313963877752316     
  -8.9503275988026487E-002  0.30297217586729686       0.29289827928064216     
  0.25323018088401916      -0.10516983627656583      -0.34829134745078583     
 -0.37664998993446613      -0.16423550604031398      -0.12811009280567370     
 -0.16108157227100256       0.18082823899363068       0.31498526976746022     
  0.24169102881482005      -0.32854912167891986       -4.2991585920348532E-002
  0.25219973660547984      -0.45012819864377335        5.5158018290371771E-002
   6.0167567133589360E-002  0.35635338232187808      -0.24120010938801809     
 -0.12546957470711281       0.11239877884102803       0.42801957669470458     
  0.40220107473665523      -0.15808844788438156        6.9841973656499134E-002
 -0.29763515842921145       0.15475857204257204       0.28930626128837439     
 -0.28830708543380801       0.30401522388768210       -4.3810059573742469E-002
  0.17167679772420844       0.34836777479627978       -2.1487246380927541E-002
  0.25274796204284239       0.32035259213846179       0.35271269859833654     
 -0.23669730523303512      -0.35529625104600943       -4.6593847942046560E-002
   9.7711926697886309E-002 -0.14544226360521578      -0.42128667448914681     
  0.29723549799188143       0.37759174752137098      -0.14431586816704262     
  0.17557276791555682      -0.38077785308715928       0.26318418133816335     
  0.31790049745433535      -0.23113007781816813        5.3266015714622868E-002
   7.6444163823072009E-003  0.12873043205405510       0.34888624132168844     
  0.21262976272940670      -0.34822521267574286        8.5744714432795494E-002
  0.35165387991238667        6.3793317844678829E-002   3.4000611777408915E-002
 -0.32305315454412442       -2.9913140598194200E-002  0.30337517176259998     
  0.24517510947452972      -0.29637268828500674       0.16561308822241158     
  -3.0028216675682902E-002  0.20186513920766364      -0.40244131955436929     
  -6.9224158246842499E-002  0.35418398582138000      -0.15546995278596226     
  -5.5988138342055863E-002 -0.38176370402741922        5.1580984613852042E-002
  0.31934511416455857        5.9429819274631861E-002 -0.37895442438368199     
  0.11817864301114431      -0.22044211336215405      -0.39539638237530889     
  0.32178119281027900       0.15756530742915897       0.34897536613486213     
 -0.17680408805737402       -5.5486711866056942E-002 -0.34499444956089687     
 -0.17886281484287625        1.5015003067551408E-002 -0.33934830851261216     
 -0.42601423836328201       0.26617232521818429       -6.5018622505494839E-002
 -0.27808548072457079      -0.28088867956133851       0.23208112171013107     
   5.9667941336892717E-002  0.32741427548255220      -0.19654465993152065     
 -0.31656571810535239        8.6112867639995733E-002 -0.18455345907201023     
 -0.10909907058725510       0.38709030881133077      -0.21110982230452646     
 -0.20959700740946052        2.7165910683307055E-002 -0.27982757782982881     
   3.5343795524584873E-002  0.22136732779998347      -0.42533562035859579     
 -0.13274180981076986      -0.41611461078534351      -0.20848830638628152     
  0.17711648204956626       0.34677250762356937      -0.14891706002459593     
  0.13232462555412122       0.43274315796718860      -0.16671660619555911     
  0.15966832411189322      -0.38497050875243011        1.0686209873927571E-003
 -0.21898158308631127       0.27991607708128052      -0.20954797877427941     
 -0.24501767727941137      -0.23876710141028412      -0.31219391970138916     
  0.39065994594530123       0.11996863527077256      -0.12607305885840039     
  0.23410745328854743       0.26609307707211893       0.12853444996122357     
  0.37475562474537427        7.6776131886027069E-002  -6.8472253179722373E-002
  -4.5172348977993243E-002 -0.37938997450922413      -0.34070973270632132     
 -0.28629798532967232      -0.27887903213389970      -0.16033413305959746     
 -0.20037478059208716       0.29399020806679238      -0.24692711701897041     
  -5.8547555170903362E-002 -0.32777010509149551       0.15951587802989445     
 -0.17984794305480645      -0.34660123723792752      -0.19588627972446265     
 -0.20317513645086363      -0.33360934123124220      -0.11302839895641527     
   7.9920021208088159E-003 -0.40723140391992391       0.18563447393712992     
  0.14648248699974231      -0.46210138875820062        2.9432109549201696E-002
  -3.5854122031537261E-003 -0.24427934821248998      -0.42716461486643276     
 -0.27655418796202291       0.33051378424871336       -9.9270553874135394E-003
 -0.24052266199537570      -0.31021177031563402      -0.21916001372672955     
 -0.23645036694472332      -0.23953850228547835       0.26180968828756568     
 -0.11129007654927045       0.35552609407124375       0.26524285078635895     
 -0.32336642716378350       0.36241601298582043        6.0813035124388549E-003
 -0.18332892366514336      -0.22844251650983780      -0.27731918836904429     
  0.10211754506233391      -0.37522795511055540      -0.17779482423266757     
 -0.52105012757826119       -6.5990079111940519E-002   1.4169275153483651E-002
   2.6601671334133319E-002 -0.16286037351865501       0.39771894321531798     
 -0.27619802077293620       0.15503082645055921      -0.21631567232689902     
  0.10313948810313336       0.40638801577476102       0.23840489978020485     
 -0.46452376954479802       -7.0516866261379346E-002 -0.14770425451750896     
  0.37227616566549615      -0.31272652983256999       0.14248354430990323     
   7.1190119722717160E-002 -0.41397262367589549        6.2593005386885003E-002
   7.3148934345380043E-002  0.12426290432184928       0.35707374237646822     
   6.7462985226314789E-002  0.36827322713899929      -0.26292123414427565     
  0.10563306793918550       0.36183500183179501       0.18660827891345758     
  0.23376168683791609       0.38495902283697853       -8.9853291207442010E-002
  0.29229488081301608      -0.10949590209627244       0.24878325785158936     
 -0.25014115918751584        2.5892023924717449E-002  0.34598532862222925     
 -0.11766314520550086       0.27433757761706812       0.30105497402431336     
  -2.9444791713584564E-002 -0.19839859442960400       0.37157114393553764     
  -9.3563254875164203E-002 -0.34568653782898967      -0.26885608018485097     
 -0.45108801192338610      -0.14264265592864450       -1.6772174326466077E-003
 -0.14986189624214299       0.34731368265359341        8.2890012175315081E-002
 -0.21777408337822762       0.27689448830696312       0.26213365213142698     
  0.28317663812053911      -0.33296120407773233        3.2959589543483547E-002
  0.41431429507963297      -0.21996686981391927       -1.4056870937403263E-002
  0.41875447729732973       0.13745054396162926        9.6443895825227416E-002
   7.8229264051783168E-002  0.35642838261080534      -0.16026478344547085     
  0.32364444094768424      -0.28287202290722546      -0.10546253193013083     
   7.1062876615892084E-002  0.39530114618960471       0.11458355814001288     
  0.33986119752465027      -0.19701738145393452       -5.7492765202256643E-002
  0.17055764808663756       0.24467435592067222      -0.39604975639775158     
 -0.36471525518427073       0.20437460324088419        1.8887414868410564E-002
 -0.29482325455373193      -0.31564924252234411       -2.2316301563255897E-002
  0.24549025102380934       0.15306649279327614      -0.29884110424154720     
 -0.35632690494904412       0.20336328826261374       0.15421789067531619     
 -0.40962480952348324        6.6910717876059039E-002  0.20332197829819421     
 -0.10581963750231632       0.18641784445017393      -0.27987109906770047     
  0.17913424332744796       0.19583569597338907      -0.26538103176635941     
  -7.4761538628063895E-002 -0.21462505816179092       0.50660732496775684     
  0.32308818447860443        2.2795030272203917E-002  0.29490919048310593     
 -0.18637315376157937      -0.21186329580194488       0.37348021809823762     
  0.26440560530786056       -4.3033205286042986E-004 -0.27531630795195211     
 -0.20431252137409472       0.37468649718189323        5.9750134125882370E-002
 -0.34764822213777113      -0.14349480143289653      -0.24926592827198066     
 -0.42630031608986119        6.2226507369794765E-002 -0.14626527783401821     
 -0.42946855460332206      -0.16245087393745139        7.8824882558899342E-002
 -0.40064158367854991        4.9123606235777807E-002   4.7650163720326516E-002
 -0.16990792042550415       -9.8078036305290939E-002  0.39157580340818726     
 -0.43798973980414069       -5.3728938708170151E-002  -3.6372349290836256E-002
 -0.20120733583226830       0.38672011711406051       0.12977780884542847     
 -0.14335545192393162      -0.25981075357938871      -0.30069877361064257     
 -0.23993014589892858       0.43495019395510492       -2.0320300306091811E-002
 -0.24229308070336852        6.9205404064409393E-002 -0.30552882752242494     
 -0.21060383045087575       0.29292465306913584      -0.14009667357041924     
 -0.30533507018947176        6.0113722647577313E-002  0.32244941858714782     
  -8.8521548483469562E-002   6.9942418853016788E-002 -0.41504732003003425     
   8.8474629953103456E-002  0.36450004260200070       0.26956459121061854     
 -0.15278035143749383       0.24114825566717962       0.29012482239551635     
 -0.19729588679402055      -0.21455123660897071       0.21347111253114090     
  0.12949844018559678      -0.31306725659796059      -0.32980526706370816     
 -0.17312614930605591        6.5671005748905081E-002 -0.44710140083490202     
  0.22113980045068521      -0.15313190717587447       0.32931072597077782     
 -0.32894415123420845       0.20673484379200460      -0.21259306599899924     
  -7.2092480515644666E-002 -0.25572408832046578      -0.34468603532619557     
  -5.6619918295665622E-002 -0.40840170311911295      -0.21671780360785964     
 -0.21613600881431830       0.18603322511939110       0.27108510116238926     
  -5.9870922428661544E-002 -0.13825500639596666       0.43782392335737502     
 -0.14736934194948370       0.44690857693799463       -9.4578776886107468E-002
  0.17629583473014887       0.26571140814671362      -0.26706112887644107     
   1.1335243197758200E-002 -0.44771047355053251      -0.18372552660427710     
  -4.0005356915622986E-002 -0.33016747295274979       0.30167341052307350     
  0.33387637134854942      -0.13305796367892009       0.27871265158989694     
 -0.26739128071996549      -0.16745730356692870      -0.29863416226248501     
   8.5964851915751483E-002   1.0956143939956794E-002 -0.41517671963785596     
   7.8049849295629387E-002 -0.22485255789200323       0.31261754005122472     
 -0.33302737526634130      -0.34181695494844805      -0.18810078739321437     
 -0.28328920959485987       0.19143638085784498       0.27052789019109386     
  0.38679980500024563       0.14160191185330051       0.19832292127348583     
 -0.15279884374379143      -0.40459532477013116       0.21122464934503263     
 -0.42698840052986470      -0.20634741553560343       -3.5900043500521138E-002
 -0.32693215140568871      -0.21598836444609917      -0.19167950814613055     
  0.14533614574593562      -0.28615817216765066      -0.15485791730874859     
  -8.8027721036466361E-002  0.41071188520542851       -3.8002141418667382E-002
 -0.14042020491384444      -0.22140578772644767       0.27156533410207478     
  -5.3677317272073803E-002 -0.24943986823087089      -0.34704799921201240     
  0.29057987729323981       0.32669929567959261      -0.27527317711601712     
 -0.12718337625919376      -0.43719745181164216       -7.4442068873335522E-003
 -0.30977934554462427       0.33165080686230225       -7.9132170309380551E-002
 -0.36265200621860411      -0.18892762066112656      -0.17197052194760734     
   8.9857882887214052E-002 -0.38849370395970628      -0.26030803883635406     
  0.18235496171805060       0.36872198465888412       0.10406381311604240     
  0.12237228481891921       0.38060250722328820       0.11479433690619498     
 -0.37633252526622279       0.12681705324197756      -0.15209450979115119     
   3.7412240387759477E-002  0.14969804856761054      -0.33026071284321878     
   3.5812427345063652E-002 -0.12303915248346675       0.40208370667923027     
  -8.1554809834537056E-002  0.30473773467394927       0.27742761555060808     
 -0.16822314051536941       0.19345030746924147      -0.27768073355826395     
   6.6467911202932675E-002  0.38989930947780405       0.27682647675780908     
 -0.31074894903698325      -0.15665529622107766      -0.19760115998050243     
   1.8125542074508803E-002  0.22542407282211827       0.39497976771431376     
 -0.40706958298760948       0.16910552413658791      -0.10724461375317866     
 -0.19776262786610557      -0.21523941570863961      -0.34528675642528561     
 -0.35230954856872565      -0.10613407263273930       0.24922447842920697     
 -0.11316188321116805       0.42461851527006933       -2.2453634341446788E-003
  0.25817693387150387      -0.28941032438834213        9.4540127535080537E-002
  0.10752304025689279       0.44706528973675524       -3.6379835873849770E-002
   2.2982694345794738E-002 -0.49645817934384556        1.8450875225153651E-002
  -4.9343731674973169E-003   3.5274224058913631E-002  0.34326462131950441     
 -0.29041978081787501       0.21310715891756860       0.30387313654611736     
  0.23383255146471241       0.18290058676866483      -0.29399176960199980     
 -0.13763956267896685      -0.15050848814938259      -0.37396675766384768     
 -0.34488322456956055      -0.15386458735493166        6.4523649275125786E-002
 -0.25607895057313806       0.26591981203316434      -0.28533753699295494     
  0.11494756350155981       0.12539017353499593       0.43004590477924887     
  -9.3450431835765554E-002  0.19983393521454831       0.37630935225113038     
 -0.28909672801843650       0.24471494231499463       0.16466493030542903     
  0.26913382978325601       -9.2913315922370010E-002 -0.28382012110136667     
 -0.34109914425154830        3.8973367182494410E-002  0.23108687873433090     
 -0.11924813087216897       0.21903829454392421      -0.36860778010171419     
   7.6680947342053024E-002  0.45063693428893553       -9.5139036144486308E-002
  0.38980658453257289       0.23482266132329535       0.11521983180568511     
  -2.0450587649815360E-002 -0.12511879514047919      -0.45028128218602692     
   5.4054894411659414E-002 -0.40634831855067244      -0.13558631006752234     
  -8.7446060571849893E-002 -0.34414438448220430        9.5636169681657057E-002
 -0.28623259390141281       -9.2405200869240312E-002 -0.38315461874754464     
  -7.0763977267825517E-002  0.37768788721825475      -0.26214273110295638     
   6.2301593652917098E-002 -0.35856794104946010      -0.29072795433156123     
 -0.25606421007502256       0.38945073307004552       0.10139713689017814     
  0.33195051593234848      -0.24006123929322254      -0.19671297445293667     
 -0.17692152796024427       0.22849188919234426      -0.27050018788950220     
  0.41934071800513950       -1.0568862350976999E-002  -4.3117362785913618E-003
 -0.39617517294574117       0.13035773714925206        1.9233336596212042E-002
  0.25393991984863695      -0.22783853994432388       0.33086860454666039     
  0.10521116897910492      -0.21456555653656842       0.40888903683668709     
 -0.17350795816899819       0.20042414861821534      -0.30023363993751312     
 -0.14930174588294282       0.34314850467616687      -0.33749069010726662     
  -2.6127871818690241E-002  0.35330534282692017       0.18434032425545033     
  0.29778800098532898       0.21435344613494409      -0.17290845030809315     
 -0.16388689031240752      -0.40776757496174854       0.10930770081127356     
 -0.14788164137362800       -7.5104782504238465E-002 -0.45732154520989943     
  0.25501267655780213       0.42851327659423544       -6.0587633179945644E-002
 -0.22625925304023597       0.14216148805896081       0.29234051348646389     
 -0.16179237283641598      -0.28022582491961989       0.31085454582691724     
 -0.25913015700054720        6.9877535013950956E-002  0.38493387452188194     
 -0.41465685339834574        7.4108769962490204E-002  -4.3287461934703841E-002
 -0.20073893665858666       0.24355844150853390       0.29053116422434139     
   5.1495913520742467E-002 -0.31553764140595775       0.23476272640556362     
  0.40171974910251024      -0.21437241562067483       -5.7295630382326435E-002
   1.4806715325841845E-002 -0.28123968277081257       0.30824502198802844     
  0.16997003374817882        6.4664039255715400E-002 -0.34777636716632243     
 -0.41595297568784723        5.7104188163096745E-002  -5.7143515454173219E-002
  -7.8906993463943698E-002 -0.34154706249031558      -0.18976896005235711     
  0.13271612004048378      -0.40980433671353261        8.8175530012668327E-002
  0.12077493073217768      -0.33561195196824928       0.16537046605970027     
 -0.32305902755999971       -2.4826392609890065E-002 -0.34447031141583584     
 -0.27269981290395268       0.32286775194333550       0.23692317657450793     
  -8.1934194020585271E-002  0.18676842380486580      -0.35542261285937538     
 -0.27810790992332390      -0.17350485986608638      -0.33872753973126357     
   8.3843217265579667E-002 -0.22819082555139766       0.30058419079135101     
  0.33796612047451574       0.20926213943406358      -0.12951855431861869     
 -0.31261167817270880      -0.24579938256311129       0.28556603010259862     
  -3.3788573331158117E-003  0.38311492715163104      -0.17620224616179617     
  -8.1105199264297489E-002 -0.43867154802417085      -0.26888594665194848     
  0.28692221397836892      -0.25499743472545139       0.19779373406266204     
 -0.21288251894944599       0.12614325299942059       0.24308167577323325     
 -0.16171868756201166       0.18904637105399788      -0.28998123495842870     
  0.14811233610079075      -0.36094712467253803       0.23341733402672254     
 -0.31006859507507939       0.10759482464151784      -0.19955769266247969     
   6.3967923520698383E-002  0.35364120507555857      -0.27490172319930717     
  0.17901685146805549       0.20368429646177055      -0.25899319824541922     
  0.39033451448493117      -0.14169661489406676       0.14324262629603207     
 -0.38002170574186112      -0.17996380749301188      -0.20558801141115995     
 -0.31972869272093873       -7.8265012942926843E-002 -0.21738346108133338     
   8.7851580698454113E-002  0.18365221859436345      -0.37684083560521997     
 -0.38656480655778747       -9.2627112852279314E-002  -1.0735509097845422E-002
 -0.14800102659000408       0.34009586878844456       -8.3465079443015233E-002
  -3.1173265856368083E-002   3.1973327279528896E-004 -0.46783166486523842     
 -0.19769785137835091      -0.29585583539325844       0.28718443677044103     
 -0.14453689462478361       0.21673645932486962       0.38292796013059976     
 -0.30718709799752464      -0.10915349357749818      -0.24150013425335082     
  0.19180414330581999       0.19217385936504949      -0.40417690198918954     
 -0.13475110458630116      -0.41633208392629451      -0.22744102514164213     
  0.35412544710681476       0.28168268168136407       0.10263194638484985     
  0.21975782868007171      -0.28951299521372953       0.17623595490786986     
  -4.3306507778700244E-002 -0.48223195995480761        2.0625774783868352E-002
 -0.26134406878884064      -0.31218464820537262      -0.19398156783578135     
  0.12946131690618262       0.39203089441059591      -0.15750717988996307     
 -0.29246710449040980       0.17020975727435911      -0.31806859345946975     
  -7.7465137408482085E-002 -0.33164916018081925      -0.16733570273864010     
  0.26409565039743710      -0.24733960156889806       0.22833423746437495     
 -0.26150654364133485       0.22881444565513256       0.30234551576924718     
 -0.38790939054896673      -0.10542495536372166        4.2457186412628557E-002
 -0.22594627956565669       -4.9445747489222008E-002  0.35207832583977167     
  0.34273893235157410      -0.21552200871389962       0.21526658661053077     
  0.28308164753734849       0.23021647548575344      -0.15259500512896595     
 -0.16008369516089299       0.14952977414680876       0.38100960794733152     
  0.31380865416018872       0.22871361374901836        6.1650815864347792E-002
  -2.7186870674919254E-002 -0.24212425157708331       0.37691902531363924     
  0.29711905235255920      -0.18312621034166979      -0.33197725589712096     
  0.22864288798919458       0.35217312930168648        6.3392689973282290E-003
  0.39881862325225531       0.20444558210006797       -5.6681027443039052E-002
 -0.28026001517924998      -0.26394639848433515       -6.1237974530554330E-002
  -5.0396604822799257E-003 -0.30732248895502268      -0.21468376006092169     
 -0.32843795779803608       0.26313788924016651       0.19577045607200735     
 -0.11766468567923148      -0.31237176148803875       0.18860512791557954     
  0.22348721690745990      -0.18101585074128468      -0.35053453817498426     
 -0.18538118095766401       0.19520386829403230       0.35271367028529133     
  -7.7639441056129951E-002 -0.47115978108663426       0.16190161088481198     
   7.0607230200336740E-002   6.0224610991322911E-002 -0.39531735431191256     
  0.30602398859944335       0.35309833964953485        3.7801056530004741E-002
  -6.7074160824176013E-003 -0.36487550181709710       0.21463433073707999     
  -3.2390151739801296E-002  0.33315861157056281      -0.22125918607057857     
  -1.0444202978487194E-002   5.9150684477707195E-002 -0.31939823616848184     
 -0.28420237993618408       0.15018937045601860       0.26165185308466316     
   4.9649506228205444E-002  0.43297670140900318       -7.5622959355741176E-002
   9.4350814066612720E-002  0.29003860397219100       0.29674392995233068     
   1.0222563864054419E-002  0.38716599215542691       0.30000152844318456     
 -0.36567706588791887      -0.12690700892010123       0.21820476947688600     
 -0.18577682160925185       0.16003326733703727      -0.29977197138845602     
 -0.25891452853960478      -0.25432482093004971      -0.28884105160242501     
  0.38772062106091787       -2.0754100721560961E-002 -0.12556605639828633     
   6.5832490523636461E-002 -0.45032976776794109      -0.12669770181509643     
  0.20529324466191412       0.16236866208230494      -0.38121702478526581     
 -0.37098090254832028      -0.21233678092757916      -0.13134622480665892     
  0.26336356616915724       -2.8612104091270608E-002 -0.29074058976024059     
 -0.26842712361052867       0.30967858621329791        9.9858872933229870E-002
  0.37499905159210634       -1.6770428121705212E-002 -0.33276153544897102     
 -0.12357964979704429      -0.33442789100461523      -0.23168687668948257     
  -2.7012473388661640E-002 -0.43079197952449783      -0.23646266218288026     
  0.27158300620027165       0.29857285865608252        3.3940025326267956E-002
 -0.38151258688746631       -8.6413957127931609E-003  -6.0612873340405778E-002
 -0.33629079140732987      -0.17607184845340090      -0.13768249547678776     
 -0.32597864137117477      -0.29274219235267968        8.6451874905940376E-002
 -0.28656192126343710      -0.18886547821535035      -0.20144448013701038     
 -0.25895217058126480      -0.29130824829568230      -0.26037975066972141     
  0.30810711676205849      -0.18670319844774594       0.22923616340295910     
  0.19920039892673530       0.31001801665934953       0.24200248597107876     
  0.13627000224751695      -0.41109525585183360       -8.8816363119770730E-002
 -0.14803127663075655      -0.11099221533643651      -0.30920881246094106     
  -6.6619529397601782E-003  0.31292365526755811       0.25343705191106830     
   9.9374842732494362E-002  0.43041534296526113       -8.5066659858758720E-002
 -0.44729484691039467        6.4285249463416530E-002  0.13910897816133760     
  0.17915868864638168        8.4898191082150562E-002  0.37194074464439913     
 -0.17069587752744778       -2.1320321902537527E-002 -0.45700400885742098     
  0.16565689721268861      -0.21430871074245422       0.31839428732270197     
   2.9269115956953397E-002  0.10865558169888853      -0.39819910428253014     
 -0.25149702787256356       -9.7324399940021400E-002  0.34601722787345479     
  0.15000175725560394      -0.36564132178758990       0.25847693758206497     
   5.0639728372266213E-002 -0.33892129895862988      -0.29625627717534975     
 -0.25115964856545903        6.7231544233401289E-003  0.23168051453681093     
 -0.15991402439301683      -0.38896663514565510       -3.9105628390802269E-002
 -0.40370174873923209       0.19173648193891601      -0.19207440429521172     
   7.9471707905263117E-002  0.47803697364584224       -4.9137180921936745E-002
  0.18902067892496388        8.1704571968735110E-002 -0.41288157840817774     
 -0.21094098959952381      -0.19715871490403075      -0.30270544338057292     
   2.3224371336646201E-002  0.11964395287389183      -0.46271815255947812     
  0.10643379006629984      -0.31103931645543031      -0.25792652048241604     
 -0.18356005826982136      -0.27031599358290204       0.24248525984403835     
   1.2183106778108702E-003 -0.37690094463607376       0.14965099045916860     
   4.1361742220861829E-002 -0.26163882630688512      -0.39225426119435208     
  -5.2152992556941377E-002   7.5940400612117487E-002 -0.42704823522183000     
  -1.3606907153838201E-002  -7.9370698795973166E-002  0.41274667804125370     
 -0.22878873421050061       0.36446168883898811        7.8744275526368451E-002
 -0.46981950939658301        9.1077376246491371E-002   2.3433778120661317E-002
   2.4778354234372114E-002  0.41933226376027360        5.8847515458015809E-002
 -0.13224020771235895       0.33879219642341241      -0.13949955179018109     
 -0.33148947249857119      -0.10836419364624597       0.10273791061499792     
 -0.42482527975117818       -2.3294901899579779E-002  0.18742933107758236     
 -0.29880789217939602       0.14370228970419693      -0.15949237003520692     
 -0.26339667981296377      -0.17314492245526231      -0.31220710721000616     
   4.9741021682610652E-002  0.41274500082503707        3.5235225414010210E-002
 -0.18899930838077239      -0.47849944489896790        7.6454108540511406E-004
 -0.33399248262415515       0.40202458121983531      -0.13836527804138785     
  -5.2972375565573097E-002 -0.14077559018931876      -0.29945199176161036     
 -0.13661859558299153      -0.32907861797995552       0.21248094883071011     
 -0.34576838609286414      -0.23952250742279496       0.13157571011315525     
 -0.28177629573806162      -0.28069211725309068        6.6065267243097608E-002
  0.21740212499402864       0.33143238126132335       -7.6252434726059318E-002
 -0.36416671901489933      -0.11006400037813321       -7.0006296311877950E-002
 -0.32252553982525523       0.10852524326098047      -0.27074087426834431     
  0.12496352907650399      -0.27568558432136497      -0.26097501784692190     
  0.38203287392946150       0.27720869818662308      -0.11611459952853942     
 -0.14016052372675944       0.33076837700653561       0.30815309251550660     
  0.34709409121112877        8.2563471820367218E-002 -0.28512222430100831     
  0.11750725722967856      -0.34282501221517536      -0.16089855014315849     
 -0.27684625501975679      -0.22449339220878187      -0.20924337600359971     
  0.31065357744943839       0.39016478901382451       0.13457306382605436     
   3.4282797261850087E-002 -0.35169902119781837      -0.21141169664018272     
 -0.40785825014256150        8.1829215597372384E-002 -0.15892677430088401     
  0.40250434792970813        9.7179685272265934E-002 -0.16586932351065620     
  0.39284340778903515       0.22261448462703665       -4.9193428357807344E-002
  -1.6444572144273528E-002 -0.17460989042823846       0.49448600573538082     
  0.17745921966005720      -0.37047481177785319      -0.16030720515711913     
  0.35145330285384657        6.8000548051649637E-002  0.28821739220674003     
   2.2604987074351844E-002  0.15986775536212142      -0.38798213683244637     
  0.25646133034889551      -0.24644695962530072      -0.17961889079553534     
  0.28733103175851116       0.28311843890890392       0.23049386218371143     
  0.27499697309674942       0.33913064852321567       -1.2616996162579108E-003
  -9.9510851911857823E-002  0.30855491111352629       0.27091744183676453     
  -1.7943291200729467E-003 -0.26965161904548435       0.32996270293943125     
 -0.10302692689633700       0.40938965097810737        7.7111622387448647E-002
  0.14177426466353443       0.31360539605291821       0.26697372295956395     
  0.27074356408723932       0.18617974901298745      -0.20567565091179690     
 -0.11842298273668918      -0.15558417625880691      -0.34963421728375488     
   4.0735682110913086E-002 -0.43433477268919707        8.2149434503406060E-002
  0.12942904153767426      -0.13003640805695382      -0.43552737156921911     
  0.30556374547135240       0.13384752146385856      -0.29799467849726657     
 -0.28755950030913896        2.9851264909172226E-002 -0.33015866256170195     
 -0.21732395819297276      -0.36992999694200579       -2.8741272129090407E-002
   5.3871661785171214E-002   9.2535939006354873E-002 -0.40450883408941346     
 -0.18596220697651286      -0.27888441187375407       0.23595110389760771     
  0.45401256216260283        6.9698492778430626E-002  -2.2543129862182015E-002
  0.17090596990254853       -7.8576815032698269E-003  0.36593612177267165     
 -0.37309771385146140        9.2261105788929737E-002   3.7955842620374422E-002
  0.35483523943775563      -0.13739640052799618      -0.12615854705180909     
  0.16171158235075206       0.29276429423627787       0.17483418840634385     
  0.26645905913274948       -1.0742372579166139E-002 -0.31872168065999851     
  0.43964925942916822       -4.7516862465708798E-002  -3.2039754751224121E-002
 -0.11279112288775502       0.34978188355353512        8.6820813176518075E-002
 -0.40640988283541241       -2.3279388775909189E-002   5.9162675949728551E-002
 -0.28386607693834898      -0.20204065512816094       0.35997838324341874     
 -0.11638496885334279       0.32930157077362254       0.36529908021047075     
 -0.20091402233289035      -0.34064227781864864       0.22341262743533596     
  0.10704763740375058       0.32507296848105993      -0.26295414913059700     
  0.24618226246038552      -0.26302686104022965       0.32432012360116452     
 -0.25885945153419676      -0.30709943341839419       -1.2434886654606833E-002
 -0.24523579055407263      -0.16603309075628794      -0.35785317500239205     
 -0.37904858273006836        5.5655761008707783E-002  0.22243646252254523     
  0.34856662281825590       -4.6340734872855317E-002  0.28689737528234044     
 -0.43460367374841180       -9.8324179369378706E-002   9.8953029774210138E-002
  -4.4931654881151618E-002  0.41340378295045549      -0.15013818528882841     
  0.15660932275118516       0.36935532495709311      -0.23279103816376068     
  -3.7652879298056059E-002  0.25155928219439611      -0.32729231114722068     
  0.28400350578483352      -0.27344568863810120       0.21772353655340121     
 -0.13094430541701307      -0.36333673219558593      -0.10458073904025091     
  0.19277569743458867       0.36233006606414458        4.7297339687207340E-002
  0.24586415063841960        1.7486979442665571E-002  0.44405565498419336     
  0.24119757356256000      -0.38748702433640148       0.12113688700488338     
 -0.19444386408772832       -4.8498307378710567E-002 -0.38522440879015263     
   1.6366535265040335E-002 -0.45899499598334492        5.6412645437492692E-002
  0.26477570114882504       0.22321506856586146       -9.7988953410878848E-002
 -0.31027021548909323      -0.10411775427655601      -0.21803432791773739     
 -0.18826892572601098      -0.34791987739398245       0.18007397960275340     
  0.28743548297979943      -0.12066382688568550       0.31588304792162747     
  0.15383653762460464      -0.39496894068731009      -0.15801561616965948     
 -0.19549859191305743       0.25405351334424880      -0.25009683967735746     
  0.11876414578847885      -0.34785508543003990       0.21909119747197731     
  -2.7971393804353907E-002  0.22305896833544686      -0.44358634975504968     
 -0.30254727736690340       -5.3212342822353147E-002  0.22043099757387405     
   2.2802924978876406E-002  0.45139353906821433      -0.10640437350349397     
   1.5610518785306025E-002 -0.35513208011791320      -0.24592174206484738     
  0.42584498944722970       0.12230121765413410        4.3484234270755560E-002
  0.17854218717710985       0.11307233423482344       0.41529257316600010     
  0.30615892729855831      -0.20511536347163378      -0.31604819273797891     
 -0.20389085238960458      -0.28362594579125949      -0.31421091747022850     
   1.6362002531954183E-002 -0.32322476820843471       0.37907158116941680     
  0.24158944713964048        2.7904446283946713E-002  0.25619349761177740     
 -0.13813671656946472       0.34574172184343266       0.32289474102636523     
  -8.9504890503999415E-002  -8.5292198927626878E-002 -0.39228262965590482     
   5.4924162811575153E-002 -0.40498604636468316       0.34814991685074737     
 -0.17727587486576285      -0.30590444105572334      -0.25903505488324619     
 -0.13655117643465980       -3.0423658786279915E-002  0.38398808772664861     
 -0.23101901179842096       0.21532727460137946       0.24418506749714441     
 -0.18735584794130444       0.19288096581245967      -0.28128126875487430     
  -6.7742216308816869E-002  0.25365971174801155      -0.32611512542931809     
  -2.4034872927169722E-002 -0.32848102298645182      -0.24122903665898979     
   2.6351930831647843E-002   7.4507043518892313E-002  0.45347682936687217     
 -0.12430410156625010      -0.29381864418377179      -0.27180241496329238     
 -0.37153241307308826      -0.17106324692300637       0.14866165034377915     
 -0.18170703034307262       0.17923205862392455      -0.33906906033411222     
  0.16832188468464329       -8.0847437569560476E-002 -0.35093401644202660     
  0.19357969578303996       0.25991014348336255      -0.38148946367888442     
   3.0331997183213590E-002 -0.42032209737448889        6.4218812159406308E-002
  0.34289378467582571      -0.15531828173402312        4.9054418755896889E-002
 -0.31022802963886142      -0.18390004637202906       0.32079603300464093     
 -0.29404983321553890       -9.8514872077941573E-002  0.18890235561489147     
 -0.13676252859175075      -0.25270570310899099       0.34007581349794180     
 -0.13559840183031713      -0.32431432544983696      -0.28213434195507558     
   7.1002840197564199E-002  0.36722140026140243        7.4474956879301502E-002
  -9.9473478992381653E-002 -0.25690974302254033       0.26949389398364043     
 -0.14404015888266439       -6.6245013794923618E-002 -0.38306232812076096     
   3.6230566984853968E-002 -0.41382491953598677       -9.8619259803925691E-002
  -3.1260429261190235E-002 -0.12974473655884561      -0.41164882459728136     
 -0.13439210443512273       0.31655696210535900      -0.20158991318593705     
 -0.21186108914590993      -0.35836703936909220      -0.27617022395954466     
 -0.32424217857221310      -0.18226519014992909      -0.20593236467275883     
  0.12974354441086222      -0.34161046678083162       0.24924973560694491     
 -0.37739007653463474      -0.20274826663428902       0.30383382060874975     
  0.26502133458103072       -5.4951114792934817E-002 -0.34344803079965458     
 -0.12319539312082727       0.25146985477049616      -0.29593068574324111     
   2.1558793519633836E-002 -0.17639888502357426      -0.33979031599112725     
 -0.29112027830746179      -0.28656150582624357        7.4663999899633057E-002
 -0.14502133518349059      -0.46701480255889755       -4.7457830110952288E-002
   7.6486035783740372E-002 -0.11671582141278650       0.43460028992608757     
  0.27119308239748974       0.13086449294814995      -0.34250486368696004     
 -0.38692072350741680       0.24306366489635775        4.8800754885313033E-003
   9.0329170665470845E-002 -0.28740752825871935       0.30604424283002513     
  -4.4861382389793501E-002 -0.24760268551617515      -0.34224153277841862     
 -0.36830634946944285        1.9982984452009432E-002  0.16368538417935724     
   2.9431975728536376E-002 -0.24940853705702268      -0.36614250555615085     
 -0.14253635400241682       0.23079240311426902      -0.37299391813772348     
 -0.37443858282020348       -4.0918745965707500E-002 -0.10230229463238666     
  0.11985275349875546       0.31998452415478640       0.29285930939531757     
  0.26776364896690075       -3.3993354832928403E-002 -0.28557861435278820     
  -4.4370384868982274E-002  0.47871541014131236        9.5819495290603296E-002
  -6.0240309422456700E-002 -0.28995808003800638       0.25114223451700163     
  0.16630059317588705      -0.31537530478821268      -0.34025002978283053     
 -0.32182814633545931       0.13361425399960328      -0.19720607440561766     
  -4.3576542557786854E-002 -0.14224457571842453      -0.43125911829313512     
  0.31937184756551296       0.26555656570040131      -0.26606371389604200     
  0.39447562991363105       0.20366061391615986      -0.12652799238619353     
   5.5177802436679149E-002  -9.8794621291812781E-002 -0.38494771609141004     
 -0.22335285157968388        1.0687638253386054E-002 -0.34268079880750130     
  0.33620393560159889       0.26401827898371855        1.2453144715269208E-002
 -0.39562357271402393      -0.14485264599051198       -3.5573158860031373E-003
  0.17153418703030013       0.36833548060494758      -0.13964869408426289     
  0.29606090637463961       0.33346187660886734       -9.2903895099924541E-003
 -0.17146270581365963       0.33645753728185090       0.21993988083345539     
 -0.29376271775254525      -0.34018897522087083       -9.2231645995028422E-002
 -0.34544115804200526       0.27619551615107785      -0.15514436029287221     
  0.17980374372410102       0.25134822143350460      -0.27039251547323845     
  0.22031367406458113       0.30728422676541944       0.16195989626877147     
   5.4749042438004152E-002  0.45633291996502068       -3.1232731161973823E-002
 -0.36758810205590481       0.24962524146257689        4.2294616792304902E-002
 -0.10260345200021578       0.33502219562615226       0.44434956855759289     
 -0.20280669401288390      -0.37316042586159204        2.6944741769648003E-002
 -0.22507204004053469       0.35758164769895467      -0.29007853658326144     
  0.27573703018243867        4.9303061693894305E-002  0.27793193681385053     
 -0.12953482013569215      -0.45035744029719310       0.12868250230758799     
  -2.9858927242575009E-002  -2.2630970647575570E-002 -0.45398595120140212     
 -0.14731913887653944       -4.7540910547671879E-002  0.41212147729573839     
 -0.27552446854768270       0.14813135874671288       0.20613257594254039     
  0.31297727872174830      -0.20510943668348469       -1.9139879854083143E-002
  -5.5842082604225449E-003  0.14211381623038835       0.37270255829320853     
   9.3640725440703371E-002  0.44272534869252367       0.18686776948836437     
   6.7491801470856705E-003 -0.37069799309535389      -0.18100764095183319     
  -7.5122376976527308E-002   9.3884225297788115E-002  0.37470641549457173     
   3.7186772821333820E-002  0.29699340969084614      -0.31864487589528978     
  0.13219267679392380       0.37596137546202985      -0.26745136683090598     
  0.10145836662549712      -0.42011997547847951       0.16540225674904133     
 -0.39359677952485284       -2.9993208687256294E-002  0.27158040479735635     
