   1.3509367515041776E-002
   1.7536939518806680     
  0.47442193122390997     
  0.43843990202808059     
  0.41667965148819003     
  0.49460951134960490     
  0.48631368314579487     
  0.46112905640824514     
  0.48731010640676864     
  0.49222158685256090     
  0.42668052960411756     
  0.43541223597541373     
  0.45177982655164672     
  0.46307108225134025     
  0.46400555531974674     
  0.49371323671563178     
  0.50101521216247913     
  0.51211768025062721     
  0.43717895136519469     
  0.37507683227420435     
  0.47365264609438013     
  0.45280834933161718     
  0.40916208982879670     
  0.44225983967501925     
  0.42360034346308967     
  0.47112480716508853     
  0.38837912093392812     
  0.45679750973585681     
  0.44504715060409750     
  0.40997125001553231     
  0.47177266955143704     
  0.43616996043276962     
  0.49825087551069114     
  0.50030737786162949     
  0.42968878005952826     
  0.46705286535108731     
  0.42819694502062955     
  0.46858084228757407     
  0.39902853124429316     
  0.50697436469501567     
  0.48254708222634374     
  0.40689994424924963     
  0.44414349792240854     
  0.46955152148852342     
  0.38777405889741245     
  0.37244458754734827     
  0.47160141482574869     
  0.52809478726929071     
  0.41657407623510545     
  0.42708463164048960     
  0.45126566933324558     
  0.44128659703106521     
  0.41818954489422883     
  0.47097373305117413     
  0.46674009987991860     
  0.46633491419426087     
  0.45574742865510864     
  0.41225468409330135     
  0.38825884293363611     
  0.47933944493350483     
  0.44510387972163817     
  0.44090763494991980     
  0.40746829724894001     
  0.47096703600473389     
  0.43918824901697140     
  0.50807200914503026     
  0.42644837375376871     
  0.46158837127345215     
  0.51649778588820827     
  0.48874671409381976     
  0.45682342859795033     
  0.46141257559281684     
  0.39902187195032318     
  0.45801125769320855     
  0.43920237949769864     
  0.43523255765715424     
  0.45483045044804127     
  0.41864638425522133     
  0.40993963212510370     
  0.49865211645443586     
  0.46069115994010623     
  0.50305500223062216     
  0.42489947006687506     
  0.45741365775833420     
  0.39863225907484939     
  0.52571232904975873     
  0.50973841559429411     
  0.45635758109170943     
  0.47051453772051122     
  0.44765840752667974     
  0.41570391332301465     
  0.42597580373087923     
  0.49338712640331062     
  0.38708039391579163     
  0.49524420212814579     
  0.40266822610825492     
  0.48929969281653846     
  0.45426662992856476     
  0.53719550766651769     
  0.51755727653307348     
  0.48243702842677888     
  0.43032034990757329     
  0.39123159497221266     
  0.41463293112154959     
  0.46028300561137225     
  0.44456986632602952     
  0.49040401418258833     
  0.42219994245148862     
  0.51650306054898476     
  0.43133792780464297     
  0.41176096367869752     
  0.41571210836642380     
  0.43772398956190839     
  0.41818719798258480     
  0.48067312283173141     
  0.49210151840237398     
  0.46507086331843078     
  0.50127959122413779     
  0.43104413404025549     
  0.44116907726804372     
  0.44081013127807689     
  0.47155760803446656     
  0.44707643487476045     
  0.39445879428531105     
  0.48710662543605243     
  0.47879377555344621     
  0.47612915288059166     
  0.44413605410589679     
  0.44708068130229434     
  0.44484231157100951     
  0.43611722272730946     
  0.47262217552817548     
  0.53240636337130687     
  0.48676909099989041     
  0.44877266267462834     
  0.46339408268347643     
  0.47919875986954258     
  0.46008734252384048     
  0.43850535421450598     
  0.45639025361385371     
  0.42725828045006936     
  0.44613150329372742     
  0.52640627682109409     
  0.45382880166398720     
  0.44053568596114828     
  0.41418704289438690     
  0.46136890770486655     
  0.45947598528445655     
  0.40739270535368249     
  0.43027839392701100     
  0.42343045789490130     
  0.44100664398124712     
  0.49553525891255101     
  0.41859695466930724     
  0.45234426002734429     
  0.43825018170347801     
  0.50701642625278653     
  0.44171272244742232     
  0.50684716313510236     
  0.45918671967813557     
  0.52026986225981031     
  0.41422562136966840     
  0.52099116406671575     
  0.48966573085649656     
  0.42919238466561754     
  0.51099858482606153     
  0.44833220429881110     
  0.44224222921156930     
  0.50690345581030316     
  0.42850914398069806     
  0.56649484959781204     
  0.40584543627783276     
  0.42432291614404988     
  0.46939056689310932     
  0.49147385060894583     
  0.44229550705412318     
  0.43756228703879863     
  0.44807973721999889     
  0.44844491843367740     
  0.37535357720397222     
  0.46623072546194344     
  0.43313853713564249     
  0.38640894778411006     
  0.47377954769379355     
  0.46054319496123119     
  0.41725218486130849     
  0.40751620219683032     
  0.54394599464696136     
  0.44239271385074336     
  0.45370895005772638     
  0.50568001100749649     
  0.44138613291752005     
  0.48843991556542887     
  0.45324198148051287     
  0.45059075989614272     
  0.40188379408701208     
  0.42510640759756513     
  0.42001703910934590     
  0.43544367451592353     
  0.44297734205614958     
  0.37708272083883304     
  0.41048962896915719     
  0.42285462446451150     
  0.39898395160914085     
  0.52669580234830604     
  0.47984823530882431     
  0.45874526747638072     
  0.49905114904924730     
  0.52485079689186698     
  0.47914926841390343     
  0.40550788692620005     
  0.44255289781685186     
  0.45730026357686693     
  0.51388663862951045     
  0.40693214977649095     
  0.40570450359906002     
  0.50360218281346314     
  0.44102608524791159     
  0.41415399384811230     
  0.50299060277854191     
  0.49225639098123142     
  0.49047602961734055     
  0.48240502597791507     
  0.42602640240974771     
  0.43167442149363855     
  0.47816037682319473     
  0.50507762780127796     
  0.42303704984277490     
  0.41424655401470717     
  0.51509224105553852     
  0.47815251893324340     
  0.42959442042070733     
  0.38994212477475065     
  0.42861199373398995     
  0.46133326985046391     
  0.47807432794693455     
  0.41731755344128163     
  0.45209846900761413     
  0.43265305234125601     
  0.44646881299911084     
  0.41464290814214966     
  0.45907532003579538     
  0.45463688001913682     
  0.43409549401249947     
  0.43419421803719788     
  0.50382182266093167     
  0.37787789916980680     
  0.47137760572804283     
  0.42531751416087710     
  0.44941559149198779     
  0.44848836825281113     
  0.49526983478146908     
  0.41865605353897795     
  0.41944269280588364     
  0.51653281053471878     
  0.42168581506046676     
  0.44444514122599638     
  0.51074237740303829     
  0.43326297705592526     
  0.47917950280621846     
  0.45616536635696442     
  0.44755639017495802     
  0.51367715393690072     
  0.47173810446670550     
  0.44683902520212793     
  0.52944985701567993     
  0.46790616845972988     
  0.51682193318716474     
  0.40973759324537418     
  0.41888427755677221     
  0.39854925882803222     
  0.48137837780683779     
  0.45227343070293424     
  0.43867070700898153     
  0.48543639504306002     
  0.45117866631966691     
  0.43344451309751436     
  0.47987393580339643     
  0.50257594208300438     
  0.45278632801811525     
  0.48425652493073823     
  0.41109798705397804     
  0.39474472421538670     
  0.39583843238205929     
  0.43413716288352849     
  0.45697516264960392     
  0.53739676594113517     
  0.44099364498392279     
  0.44153915378907438     
  0.43703238835276276     
  0.42401909093227713     
  0.45122940829390995     
  0.42045842603770828     
  0.46716545036312640     
  0.45241082706465346     
  0.46291183563829541     
  0.48756096841923713     
  0.47636852285918974     
  0.42281300663197252     
  0.49672859351487092     
  0.45031878214224436     
  0.44094656693814982     
  0.46821870070675142     
  0.45372727252607531     
  0.44127158111968939     
  0.50192873302718588     
  0.44565731477004861     
  0.38257275444863431     
  0.45505336005572528     
  0.42179066242798086     
  0.48231856045824512     
  0.42485263373464699     
  0.48643931606982077     
  0.43597031411116571     
  0.40832822282298048     
  0.46715705178385986     
  0.53691075121364129     
  0.46928034689776860     
  0.50829258980097891     
  0.51431334567823694     
  0.44832241183202126     
  0.49289231408185985     
  0.45580639148329521     
  0.48552719938251254     
  0.37174639399347653     
  0.48717530288506933     
  0.48141873727325629     
  0.47459493602729169     
  0.43141078268870731     
  0.48639362094569522     
  0.39854681162799188     
  0.46187056426291323     
  0.46978030771914220     
  0.43720085466145259     
  0.42803639650675551     
  0.46988526198874014     
  0.40347640999689494     
  0.49337028931070642     
  0.48556540687690702     
  0.47879649361416166     
  0.47401312602325607     
  0.43034107141720529     
  0.45239626906951236     
  0.42969707251278433     
  0.41747730889401968     
  0.50892021490636519     
  0.48857737137890139     
  0.43979848068569999     
  0.47396703517330058     
  0.41626267633388414     
  0.41303596995397313     
  0.42831226493127583     
  0.42608015378375780     
  0.47573268015275405     
  0.42921753443750282     
  0.46693400610959795     
  0.40244462263562220     
  0.41540051270426692     
  0.44351118166294679     
  0.49421570748304505     
  0.42698294663629366     
  0.40012622492125666     
  0.50282675130365917     
  0.48842620840737955     
  0.38508377467735844     
  0.41131464531883161     
  0.44910230039675225     
  0.43687189702539786     
  0.43553346762895634     
  0.44950607035647960     
  0.47130889659642805     
  0.48668781493294605     
  0.46349381376441345     
  0.42284538458737009     
  0.43940846645695214     
  0.47466281976419372     
  0.47323366465299715     
  0.46595813472893527     
  0.45488147373105853     
  0.48726859898987512     
  0.46167296209865899     
  0.45014225252119938     
  0.40307606078309055     
  0.44069479969248992     
  0.47081994037864155     
  0.46449628931065451     
  0.46798675818882307     
  0.46722895391920233     
  0.42221299553820746     
  0.48809935617212835     
  0.41013185132725993     
  0.37898599691504070     
  0.43656561785188314     
  0.46934061183082482     
  0.46477647097060859     
  0.40561940762949406     
  0.48301174401301744     
  0.46650776869980787     
  0.49425640026012130     
  0.43910048694886855     
  0.49245892563240279     
  0.37910513190838141     
  0.49482711662920253     
  0.42539721379098000     
  0.44095340244121628     
  0.44000815730121284     
  0.47615444268214607     
  0.43731910804417296     
  0.38694122962366506     
  0.47877813771971811     
  0.44753943643744426     
  0.43748813777028611     
  0.49242029440580809     
  0.45642815680418219     
  0.46608999636078896     
  0.48497364047372710     
  0.46043631905390753     
  0.47440120979366635     
  0.50726478101237493     
  0.45252459677071638     
  0.52424207188432681     
  0.46959532940629778     
  0.42351988471357260     
  0.45933902753065098     
  0.44664181761712030     
  0.49044868554191923     
  0.42095822206923533     
  0.47158572702195595     
  0.46617612500446731     
  0.41795455542642140     
  0.43599332030198701     
  0.42622562936977237     
  0.39581785467261704     
  0.52943722396130677     
  0.43066986034684140     
  0.51639457434217284     
  0.44191542434358033     
  0.50580861079493755     
  0.41133603952152453     
  0.52415637364360468     
  0.42714174669987220     
  0.41209010647619854     
  0.41740672112811084     
  0.47765568889336746     
  0.44123552972185526     
  0.41509581690888542     
  0.52512446745752694     
  0.38982252504660669     
  0.51082842902882419     
  0.52394528916138128     
  0.45516308778800985     
  0.49078919927162040     
  0.45358413998147551     
  0.50742983378645679     
  0.43592685059082054     
  0.40187521234157286     
  0.49992927906413720     
  0.43611040283299174     
  0.45423626838436598     
  0.49614290429466562     
  0.45143409658679973     
  0.47046916273214295     
  0.48883249027273612     
  0.46444844638813548     
  0.47243046195343946     
  0.38065101382141459     
  0.48927234009778769     
  0.39811545273041604     
  0.49689262474637858     
  0.41351673519999133     
  0.49534368251883443     
  0.49154200124914504     
  0.37661600055953309     
  0.39828076477729629     
  0.49268015797438769     
  0.36738094193341225     
  0.44145547115757089     
  0.47561293043264852     
  0.48624120697138756     
  0.44316821689621227     
  0.45529709749032349     
  0.46779911159331200     
  0.48114263664319923     
  0.43260743953852332     
  0.44999867158902540     
  0.40291069572706473     
  0.52098031900073727     
  0.47285562199910031     
  0.49789312234310529     
  0.55537369117582258     
  0.47463020935264816     
  0.39979043443962325     
  0.46654859552793160     
  0.41804623817582304     
  0.48382250678790673     
  0.43410160500257133     
  0.50126424013597237     
  0.46399539226151615     
  0.47640247527951934     
  0.47094602686851528     
  0.50871357277007079     
  0.45689592095715886     
  0.42964063937668745     
  0.42794045118853491     
  0.43819683212649913     
  0.47078902705828796     
  0.43391600836766270     
  0.49995150381845005     
  0.43830057721733073     
  0.44133141765598927     
  0.39747587636567039     
  0.48879499623921968     
  0.38983263016044400     
  0.51637015707781542     
