   1.4478844659170969E-002
   1.0133558800841225     
  0.47584310500797805     
  0.45850015572113423     
  0.41567912691114656     
  0.49029732262572223     
  0.48161522033707432     
  0.44615790649690878     
  0.47919926544649499     
  0.49291823862026851     
  0.45269259636311004     
  0.41956899252937307     
  0.46870314388058376     
  0.46194186235197360     
  0.46557521596246182     
  0.47187859211414362     
  0.49516538735416160     
  0.51865216349213161     
  0.43630592600716583     
  0.36753085177534861     
  0.46452835333821596     
  0.44928319884145362     
  0.42540310149521127     
  0.44919560109542572     
  0.42629930154744011     
  0.47904163586702425     
  0.37604652052318149     
  0.45713681255166611     
  0.44462905794782576     
  0.41579766654929640     
  0.46169498351012439     
  0.43161507019031786     
  0.49854786052788919     
  0.50269448744604606     
  0.42041174934027559     
  0.46019453933179510     
  0.42709174205600342     
  0.47776034853945165     
  0.39834658048469246     
  0.50223165405270465     
  0.48242953727382848     
  0.39689800408576031     
  0.44149661024657355     
  0.46414237209362930     
  0.39601069263151739     
  0.36506301209706510     
  0.46729757083202567     
  0.51192797185250438     
  0.41349739382208284     
  0.40184022792047830     
  0.45177812630462216     
  0.44544517609557405     
  0.43673594500399143     
  0.46030665609236299     
  0.44860353478110082     
  0.46428478137663381     
  0.45811621452703083     
  0.43779323094925804     
  0.38811479316401470     
  0.48819870919354419     
  0.45134656919252997     
  0.44870442544107858     
  0.40252374873777574     
  0.46618329571328937     
  0.45606766313714669     
  0.49433024462327635     
  0.44940047062914784     
  0.47372306638884193     
  0.50996945663771853     
  0.48548840754557254     
  0.46023357176669177     
  0.46952759934378491     
  0.38570023219424371     
  0.46377593930873989     
  0.43747052278881371     
  0.45029758963617578     
  0.45297813032684786     
  0.43793224300542660     
  0.38449223961176693     
  0.49975709475123703     
  0.45659328157043799     
  0.48958532058553644     
  0.42172475935135800     
  0.44259721574415817     
  0.39823360509368361     
  0.52701955369717712     
  0.50835180178770067     
  0.44577392938213178     
  0.48781536499191597     
  0.45146835789967688     
  0.43512992620330426     
  0.41429825387125857     
  0.48005160101622707     
  0.39296993480278797     
  0.47029966586968519     
  0.40925747441127752     
  0.47676345173044876     
  0.45918907928291713     
  0.52115147285595320     
  0.52678007636070867     
  0.47782585124396637     
  0.42372324825664798     
  0.40624281188048278     
  0.38397227327241418     
  0.45802078013562730     
  0.43905208141409846     
  0.50952337020270544     
  0.44499748865356098     
  0.49772224337271453     
  0.41405715781951219     
  0.36264217756434458     
  0.42677567781768133     
  0.44789486427645014     
  0.41051633485435718     
  0.49018243370600523     
  0.47635811995439070     
  0.46563224152456589     
  0.50422737974105747     
  0.44963824498872768     
  0.43842119904363230     
  0.43719389031483780     
  0.44127550174028751     
  0.45789208705551870     
  0.39056940259850476     
  0.48029678930306657     
  0.46081809393792672     
  0.48547024976805431     
  0.44101522654511444     
  0.45739216732668209     
  0.43099233009302590     
  0.41334014941995589     
  0.47259854956100128     
  0.53350229589308606     
  0.47912476513488617     
  0.47817568134623267     
  0.46846317116730696     
  0.46934261883911471     
  0.44701734676812893     
  0.42916748052682197     
  0.47069082241287469     
  0.43360690128072243     
  0.44427388297002612     
  0.52784124655679365     
  0.44354672396283157     
  0.43679207125666059     
  0.43015276386119011     
  0.45286745807271084     
  0.44038057588023516     
  0.41152776382727502     
  0.42481511759263113     
  0.44588871141735426     
  0.43855816168458123     
  0.47898220112919643     
  0.42985071644295797     
  0.46450692907917729     
  0.45963956326845190     
  0.51900156167068590     
  0.44850781373682647     
  0.50323767862934943     
  0.48853204376363385     
  0.51010680007627274     
  0.41487513994988251     
  0.50783981969821801     
  0.49755720837441691     
  0.44205811922687044     
  0.52206796491968044     
  0.45966513237725504     
  0.45797706003705335     
  0.51488804926596232     
  0.44284307236812825     
  0.54288745831139795     
  0.39277643300479959     
  0.43488904899024589     
  0.46598457538942861     
  0.48231950828516690     
  0.45136321614633129     
  0.44826807970977289     
  0.45535144472896305     
  0.44751654937535884     
  0.37560517001110344     
  0.43608650062619608     
  0.43624981052312234     
  0.42491218626902921     
  0.48951175668548103     
  0.45929001086030452     
  0.41571071913051555     
  0.41955228161321817     
  0.55015497058090534     
  0.46335470637531062     
  0.46407900500872679     
  0.52193362624332040     
  0.45221198765274134     
  0.47327544445077319     
  0.45811242431306809     
  0.45854942797031256     
  0.39070598544055724     
  0.42021230134650911     
  0.41611309181789030     
  0.45250803642487059     
  0.45128520168361380     
  0.38717562117576232     
  0.40010954548112493     
  0.42756036387082902     
  0.41885321227787548     
  0.51215390458202037     
  0.47563247389949898     
  0.45642953478211534     
  0.48835560582142967     
  0.53226921624865797     
  0.47994465674103642     
  0.41368235447716240     
  0.44617700353379464     
  0.43759038068168266     
  0.49773711752158573     
  0.40996516031428876     
  0.42625491760537182     
  0.48598821210167908     
  0.46199561263219752     
  0.43819364214029116     
  0.50593669219766257     
  0.48145560031370416     
  0.49116259205762341     
  0.49978689757315703     
  0.40576657725706422     
  0.42394973855121054     
  0.47316603610889391     
  0.52467885856391439     
  0.42617971205756189     
  0.42872429504840520     
  0.49894391416960260     
  0.47616620623923661     
  0.42921822604952042     
  0.38936296187301261     
  0.42825930103610726     
  0.46779629906523934     
  0.46971014995677818     
  0.39613880018946906     
  0.45028234506239118     
  0.43412428698592798     
  0.44197180012445042     
  0.41695279042704247     
  0.44928227700242301     
  0.45460773183968461     
  0.43329487336966926     
  0.42998447898136521     
  0.50642144014297719     
  0.41743669527333149     
  0.45722756819271404     
  0.43294033566755269     
  0.44077842691863134     
  0.43868632423118137     
  0.48935369127996659     
  0.42036937474929226     
  0.42546318756803136     
  0.52000836811584961     
  0.44201617347573685     
  0.43069518978044113     
  0.49737853118442310     
  0.42136415968133906     
  0.46733947106471163     
  0.44806070279550125     
  0.42822377074567625     
  0.50296281224421036     
  0.46938113775076712     
  0.44082550673202114     
  0.52849758183663020     
  0.46672538910166966     
  0.49327619703913023     
  0.40265123121195501     
  0.44000215265446563     
  0.40460387251282143     
  0.46141969025753821     
  0.43344758234149172     
  0.45338721457050962     
  0.48580148640912585     
  0.45721101498704991     
  0.44773913315621616     
  0.47165603386666122     
  0.50019737392276731     
  0.45330970339694548     
  0.48755058300017784     
  0.40002358025476276     
  0.40628023956916742     
  0.39621782276255546     
  0.43306308083883821     
  0.46429196701014241     
  0.52902520247208229     
  0.43172665367773033     
  0.43111267432621503     
  0.43552493248307189     
  0.41712200053693826     
  0.46504730656543353     
  0.43498707868786374     
  0.46220221181678972     
  0.46564017478319281     
  0.48580032311018967     
  0.47809865374118948     
  0.49497777674393029     
  0.42518006666543495     
  0.51445195364037155     
  0.44835668889797464     
  0.42201761463459414     
  0.47053614572305597     
  0.48235865110855453     
  0.45267816042908476     
  0.55033884510579090     
  0.43472928361282270     
  0.39119889492441035     
  0.44703816540807201     
  0.44004624718316943     
  0.49531768485176103     
  0.43583664608235556     
  0.48657571361714896     
  0.44306909260882005     
  0.40362793266555147     
  0.46386581401951049     
  0.52280158023204182     
  0.46680510434131794     
  0.52276610790480804     
  0.50164782746921366     
  0.45756577601772203     
  0.49104593235573951     
  0.44528871443516815     
  0.50007769526418044     
  0.36880949868886892     
  0.48875083680818870     
  0.47800995149744657     
  0.46555372418792806     
  0.44172056821461170     
  0.47462676022860206     
  0.40998072997110058     
  0.47226615633696661     
  0.46799081465736475     
  0.43547557236491791     
  0.44750282815192188     
  0.45498396339518576     
  0.41042288324541321     
  0.49875936986023844     
  0.48338281547436934     
  0.46722465795101059     
  0.49020081163125279     
  0.41467035952795728     
  0.44586059235585113     
  0.44096914158264189     
  0.41132025631828256     
  0.49288013901074162     
  0.47247229824322062     
  0.46669540237216306     
  0.48022271894894847     
  0.41034416248554850     
  0.43309467159289816     
  0.42655129497390915     
  0.43400322961257887     
  0.47308742487796196     
  0.41518843585595333     
  0.47841896698926939     
  0.40129091568613739     
  0.42363848352344435     
  0.43891670463551957     
  0.49471787329065126     
  0.41304412631654785     
  0.41642897543414925     
  0.51736400958829454     
  0.48272005294903270     
  0.38878322376828939     
  0.43736608025355250     
  0.45209879920747326     
  0.45812780500554151     
  0.43668762695492641     
  0.46115657357443252     
  0.45998626307334800     
  0.49647332259569243     
  0.47297441938787887     
  0.41566269473733342     
  0.41895898720890851     
  0.46701192041770939     
  0.47881024501840114     
  0.45763387850510512     
  0.44554758837501590     
  0.48836218004952298     
  0.46677341526751909     
  0.46386097445145674     
  0.41880356100780508     
  0.43989777616221465     
  0.45636358345311079     
  0.47096262101969510     
  0.48061511343669217     
  0.46781964407675142     
  0.42323514304191989     
  0.48736580279663261     
  0.41691594729704179     
  0.38908747780998593     
  0.43114639877054445     
  0.45879595854259930     
  0.45550958050042012     
  0.39368350309425953     
  0.47954063385705592     
  0.49245710866589515     
  0.48608926844093386     
  0.42828360922606346     
  0.49409913821940182     
  0.40927190047089324     
  0.50390569851400824     
  0.40954128513804200     
  0.43720829201557387     
  0.45751821064781012     
  0.47289836529132379     
  0.45038733716564588     
  0.40670518445439652     
  0.47752722086077076     
  0.44119275017967696     
  0.43658512937374738     
  0.46791673986035387     
  0.44144936557935383     
  0.46648337573322657     
  0.48064875511835242     
  0.45835652095144452     
  0.48570306029560528     
  0.50655756812351438     
  0.45153681753875191     
  0.51860970973900167     
  0.47779611247368708     
  0.42373178656039540     
  0.47575248417454707     
  0.45902421489280693     
  0.47285696685323703     
  0.41203690206225568     
  0.48085619848493860     
  0.47519259193923818     
  0.40960232120877682     
  0.45378162779444381     
  0.44059576592649280     
  0.40077147056517054     
  0.51183402196128491     
  0.42840585636319833     
  0.50119250013927330     
  0.46646797198860618     
  0.49037562619181452     
  0.42457298192046822     
  0.50297840796643556     
  0.42507129354368567     
  0.41639379836740092     
  0.43139119999779274     
  0.48397930823243257     
  0.44316982336107735     
  0.41388891824766277     
  0.50613649315521658     
  0.39434562458395933     
  0.49985280115344327     
  0.50070465260353703     
  0.46633458537853034     
  0.48345009359996227     
  0.44352238134425431     
  0.51325419811040396     
  0.42792388806339388     
  0.39978591397007152     
  0.50019471526418102     
  0.44262082258883523     
  0.45086365824469016     
  0.48534719628137996     
  0.40654783684776818     
  0.46282817159990741     
  0.50532433100699325     
  0.44993419497083786     
  0.47272582677771258     
  0.35641076517146142     
  0.47212078770153887     
  0.41093681496142564     
  0.50440167183118834     
  0.41466889763259496     
  0.50114157509128343     
  0.47928319779663375     
  0.37357142089061213     
  0.39277474486079594     
  0.49072940842261048     
  0.38286095917800800     
  0.45845482230413592     
  0.45044069762819416     
  0.48305192498441285     
  0.45281560039826052     
  0.44395244027812059     
  0.47950490582432315     
  0.45656983082038360     
  0.40101118207024811     
  0.44729775334584554     
  0.40500916465180892     
  0.53882943164720931     
  0.47186988869082769     
  0.48776238678478417     
  0.56221605550702369     
  0.48886369329907953     
  0.39081484150584384     
  0.45418627439859471     
  0.44096885180964412     
  0.49132822684729605     
  0.43668926370100553     
  0.48018358804970118     
  0.47056691179931392     
  0.46488740292208902     
  0.49144296976641327     
  0.51278189348203396     
  0.47335778626057012     
  0.43146881363995754     
  0.43704039181057663     
  0.43093116397582520     
  0.45882852508487459     
  0.44647481431263747     
  0.50453601428266759     
  0.43354298406451752     
  0.45375787189733774     
  0.40730412905907298     
  0.47441861326299306     
  0.38815049417533243     
  0.49244715367002356     
