1 -504316.9463
2 -504316.7734
3 -504316.7901
4 -504316.9223
5 -504316.7366
6 -504316.9168
7 -504316.8350
8 -504316.8313
9 -504316.8421
10 -504316.9285
11 -504316.9315
12 -504316.8222
13 -504316.8120
14 -504316.8311
15 -504316.8717
16 -504316.8360
17 -504316.9412
18 -504317.0167
19 -504316.9569
20 -504316.8726
21 -504316.9381
22 -504316.8051
23 -504316.8597
24 -504316.8737
25 -504316.9003
26 -504316.8249
27 -504316.9541
28 -504316.8596
29 -504316.8111
30 -504316.8656
31 -504316.8702
32 -504316.9935
33 -504316.8209
34 -504316.9316
35 -504316.8465
36 -504316.8521
37 -504316.8093
38 -504316.8711
39 -504316.7841
40 -504316.9174
41 -504316.9075
42 -504316.8580
43 -504316.8578
44 -504316.9093
45 -504316.8170
46 -504317.0252
47 -504316.9217
48 -504316.9916
49 -504316.9247
50 -504317.0589
51 -504316.8802
52 -504316.8764
53 -504316.7996
54 -504316.8927
55 -504316.8590
56 -504316.9658
57 -504316.9001
58 -504316.8829
59 -504316.8988
60 -504316.9792
61 -504316.9216
62 -504316.9486
63 -504316.9147
64 -504316.9119
65 -504316.8692
66 -504316.8990
67 -504316.9370
68 -504316.9308
69 -504316.9610
70 -504316.9216
71 -504316.9101
72 -504316.8845
73 -504316.9756
74 -504316.7603
75 -504316.9498
76 -504316.8996
77 -504316.9576
78 -504316.9046
79 -504316.8483
80 -504316.7447
81 -504316.8700
82 -504316.7985
83 -504316.8642
84 -504316.9425
85 -504316.8554
86 -504316.8545
87 -504316.8599
88 -504316.8772
89 -504316.7969
90 -504316.9248
91 -504316.8821
92 -504316.8876
93 -504316.8442
94 -504316.8740
95 -504316.8402
96 -504316.9690
97 -504316.8800
98 -504316.9214
99 -504316.9065
100 -504316.8998
101 -504316.9345
102 -504316.9180
103 -504316.8721
104 -504316.8039
105 -504316.9591
106 -504316.8650
107 -504316.9025
108 -504316.9544
109 -504316.9905
110 -504316.9260
111 -504316.8507
112 -504316.8300
113 -504316.8253
114 -504316.9626
115 -504316.8129
116 -504317.0070
117 -504316.8828
118 -504316.7784
119 -504316.9792
120 -504316.9250
121 -504316.8707
122 -504316.8994
123 -504316.9314
124 -504316.8320
125 -504316.8790
126 -504316.8160
127 -504316.9881
128 -504316.8122
129 -504316.8717
130 -504316.7539
131 -504316.9643
132 -504316.8356
133 -504316.8592
134 -504316.9063
135 -504316.8731
136 -504316.9138
137 -504316.8888
138 -504316.8871
139 -504316.7978
140 -504316.8431
141 -504316.9030
142 -504316.8959
143 -504316.8823
144 -504316.8588
145 -504316.8286
146 -504316.8746
147 -504316.8754
148 -504316.9396
149 -504316.9163
150 -504316.8095
151 -504316.8405
152 -504316.9538
153 -504316.8715
154 -504316.9137
155 -504316.7685
156 -504316.8885
157 -504316.8197
158 -504316.8068
159 -504316.9922
160 -504317.0119
161 -504316.9494
162 -504316.8728
163 -504316.9270
164 -504316.7796
165 -504316.9123
166 -504316.8516
167 -504316.9849
168 -504316.8933
169 -504316.9052
170 -504316.9010
171 -504317.0480
172 -504316.8454
173 -504316.9883
174 -504316.9826
175 -504316.9218
176 -504316.8665
177 -504316.8599
178 -504316.8817
179 -504316.9003
180 -504316.8648
181 -504316.8961
182 -504316.9389
183 -504316.8551
184 -504316.8642
185 -504317.0023
186 -504316.8217
187 -504316.8563
188 -504316.7542
189 -504316.7846
190 -504316.7409
191 -504316.9213
192 -504316.9795
193 -504316.8060
194 -504316.8961
195 -504316.9201
196 -504316.8068
197 -504316.7771
198 -504316.8445
199 -504316.8512
200 -504316.9957
201 -504316.9051
202 -504316.9090
203 -504316.8791
204 -504316.9376
205 -504316.9183
206 -504316.9735
207 -504316.7836
208 -504316.7875
209 -504316.9125
210 -504316.8235
211 -504316.8477
212 -504316.9207
213 -504316.7967
214 -504316.9515
215 -504316.8000
216 -504316.9097
217 -504316.9115
218 -504316.9115
219 -504316.9858
220 -504316.8822
221 -504316.8281
222 -504316.8170
223 -504316.9701
224 -504316.8059
225 -504316.8449
226 -504316.8560
227 -504316.8509
228 -504316.7933
229 -504316.8646
230 -504316.9007
231 -504316.9050
232 -504316.8323
233 -504316.8173
234 -504316.8345
235 -504316.8969
236 -504316.9394
237 -504316.8886
238 -504316.8547
239 -504316.9546
240 -504316.8441
241 -504316.8676
242 -504316.9885
243 -504316.8785
244 -504316.8779
245 -504316.8711
246 -504316.8969
247 -504316.9658
248 -504316.9250
249 -504316.8900
250 -504316.9057
251 -504316.9281
252 -504316.8705
253 -504316.9785
254 -504316.9623
255 -504316.8847
256 -504316.9047
257 -504316.8201
258 -504316.8954
259 -504316.8463
260 -504316.7536
261 -504316.8584
262 -504316.8997
263 -504316.8407
264 -504316.8724
265 -504316.9771
266 -504316.9152
267 -504316.9609
268 -504317.0318
269 -504316.8538
270 -504316.9309
271 -504316.9491
272 -504316.9360
273 -504316.8583
274 -504316.8293
275 -504316.7660
276 -504316.9442
277 -504316.9257
278 -504316.8926
279 -504316.8322
280 -504316.8661
281 -504316.9061
282 -504317.0364
283 -504316.8866
284 -504316.8848
285 -504316.8157
286 -504316.8537
287 -504317.0042
288 -504316.9767
289 -504316.9700
290 -504316.9061
291 -504316.9885
292 -504316.9355
293 -504316.8635
294 -504316.9168
295 -504316.8558
296 -504316.8560
297 -504316.8082
298 -504316.8475
299 -504316.9081
300 -504316.9496
301 -504317.0085
302 -504316.8433
303 -504316.9540
304 -504316.8242
305 -504316.9124
306 -504317.0668
307 -504316.9789
308 -504316.9655
309 -504316.9069
310 -504316.9591
311 -504317.1168
312 -504316.8816
313 -504316.9702
314 -504316.9338
315 -504316.8320
316 -504316.9340
317 -504316.8984
318 -504316.7915
319 -504316.7909
320 -504316.8281
321 -504316.9424
322 -504317.0276
323 -504316.9157
324 -504317.0106
325 -504316.9230
326 -504316.9582
327 -504316.9658
328 -504316.8635
329 -504316.8830
330 -504316.9657
331 -504316.9203
332 -504317.0074
333 -504317.0479
334 -504316.9824
335 -504316.9645
336 -504316.9423
337 -504316.9718
338 -504316.9978
339 -504316.9691
340 -504316.9709
341 -504316.8817
342 -504316.9024
343 -504316.9198
344 -504316.9521
345 -504316.8338
346 -504316.9705
347 -504316.8693
348 -504316.8721
349 -504316.9388
350 -504316.9979
351 -504316.8214
352 -504316.9929
353 -504317.0068
354 -504317.0252
355 -504317.0263
356 -504316.9966
357 -504317.0562
358 -504316.9580
359 -504316.9065
360 -504316.8875
361 -504316.8901
362 -504316.9322
363 -504316.9894
364 -504317.0033
365 -504316.9758
366 -504317.0548
367 -504316.9431
368 -504317.0229
369 -504316.8553
370 -504317.0079
371 -504316.9289
372 -504317.1363
373 -504316.8827
374 -504316.8368
375 -504316.8950
376 -504316.9550
377 -504317.0281
378 -504316.9551
379 -504316.8919
380 -504317.0388
381 -504316.9668
382 -504317.0194
383 -504316.8465
384 -504316.9909
385 -504316.9516
386 -504316.9027
387 -504316.9473
388 -504316.9563
389 -504316.8721
390 -504316.9422
391 -504316.9057
392 -504316.9217
393 -504316.9134
394 -504317.0010
395 -504316.9548
396 -504316.8670
397 -504316.8615
398 -504316.8745
399 -504316.8926
400 -504316.9299
401 -504316.9984
402 -504316.9811
403 -504316.8219
404 -504317.0229
405 -504316.9606
406 -504316.8579
407 -504316.9136
408 -504316.9308
409 -504316.9451
410 -504316.9066
411 -504317.0507
412 -504316.9869
413 -504316.8911
414 -504317.0331
415 -504316.9689
416 -504317.0510
417 -504316.9969
418 -504316.9413
419 -504316.9611
420 -504316.9806
421 -504316.9219
422 -504316.9035
423 -504316.9201
424 -504316.8116
425 -504317.0052
426 -504316.8552
427 -504316.9744
428 -504316.9645
429 -504317.0394
430 -504316.9133
431 -504316.9486
432 -504316.9402
433 -504317.0396
434 -504317.0422
435 -504316.9890
436 -504317.0446
437 -504316.9531
438 -504316.9314
439 -504316.9319
440 -504316.8964
441 -504316.8991
442 -504316.9778
443 -504316.9249
444 -504316.9592
445 -504316.9660
446 -504317.0281
447 -504316.9313
448 -504317.1275
449 -504316.9056
450 -504316.8792
451 -504316.9645
452 -504317.1246
453 -504316.8590
454 -504316.9970
455 -504316.8705
456 -504316.9695
457 -504316.9312
458 -504316.9005
459 -504316.9621
460 -504317.0396
461 -504316.8984
462 -504316.9366
463 -504316.9851
464 -504316.9375
465 -504316.9747
466 -504316.9239
467 -504317.0077
468 -504316.9602
469 -504316.9501
470 -504316.8441
471 -504316.9436
472 -504316.9599
473 -504317.0602
474 -504316.7570
475 -504316.8579
476 -504316.9981
477 -504316.9438
478 -504317.0019
479 -504317.0709
480 -504316.9568
481 -504317.0322
482 -504317.0200
483 -504317.0861
484 -504316.9274
485 -504316.9569
486 -504317.0132
487 -504316.9929
488 -504316.8883
489 -504316.8824
490 -504316.9230
491 -504316.8963
492 -504316.9352
493 -504316.8501
494 -504316.9637
495 -504316.9689
496 -504316.8957
497 -504317.0462
498 -504316.8449
499 -504316.9954
500 -504317.0094
501 -504316.9775
502 -504316.9429
503 -504316.9681
504 -504316.9599
505 -504317.0518
506 -504316.8731
507 -504316.9561
508 -504316.9751
509 -504316.9530
510 -504316.8504
511 -504316.9190
512 -504316.9947
513 -504316.9315
514 -504316.9378
515 -504316.9291
516 -504316.9116
517 -504317.0080
518 -504316.9470
519 -504317.0220
520 -504317.0565
521 -504316.9388
522 -504316.9927
523 -504317.0389
524 -504316.8461
525 -504316.8475
526 -504316.9354
527 -504317.0255
528 -504317.0491
529 -504317.0337
530 -504316.9368
531 -504317.0744
532 -504316.9721
533 -504316.9925
534 -504316.8914
535 -504316.9970
536 -504316.9980
537 -504317.0093
538 -504316.9757
539 -504317.0305
540 -504316.9877
541 -504317.0411
542 -504317.0060
543 -504317.0729
544 -504316.9396
545 -504316.9713
546 -504316.8887
547 -504316.9450
548 -504317.0409
549 -504316.8383
550 -504317.0130
551 -504316.9397
552 -504316.9073
553 -504317.0076
554 -504316.9735
555 -504316.8876
556 -504316.9456
557 -504316.9672
558 -504316.9521
559 -504316.9747
560 -504316.9448
561 -504316.9312
562 -504316.8629
563 -504316.9950
564 -504316.9889
565 -504317.0946
566 -504316.8088
567 -504316.9030
568 -504316.8810
569 -504316.9248
570 -504316.9138
571 -504316.8872
572 -504316.8984
573 -504316.8791
574 -504316.7881
575 -504316.9139
576 -504316.9327
577 -504316.9198
578 -504316.9858
579 -504316.8791
580 -504317.0611
581 -504316.8631
582 -504317.0039
583 -504317.0746
584 -504316.8400
585 -504316.9352
586 -504316.9336
587 -504316.8946
588 -504316.9053
589 -504316.9443
590 -504316.8745
591 -504316.9080
592 -504316.9404
593 -504316.9355
594 -504316.9112
595 -504316.9742
596 -504316.9547
597 -504316.9683
598 -504316.9246
599 -504316.9101
600 -504316.9308
601 -504316.9405
602 -504317.0021
603 -504316.9487
604 -504316.9394
605 -504316.9617
606 -504316.9818
607 -504316.8727
608 -504317.0286
609 -504316.9554
610 -504316.9679
611 -504316.9987
612 -504316.8957
613 -504316.9416
614 -504316.9175
615 -504316.9590
616 -504316.9573
617 -504316.9238
618 -504316.9036
619 -504317.0681
620 -504316.9365
621 -504316.8681
622 -504316.9666
623 -504316.8694
624 -504316.9183
625 -504317.0905
626 -504316.9737
627 -504316.9667
628 -504316.9258
629 -504316.9664
630 -504316.8906
631 -504317.0147
632 -504317.0237
633 -504316.9547
634 -504316.9739
635 -504316.9390
636 -504316.9604
637 -504317.0057
638 -504317.0561
639 -504317.0215
640 -504316.9478
641 -504316.9653
642 -504316.9618
643 -504317.0747
644 -504317.0313
645 -504316.9842
646 -504317.0733
647 -504317.0674
648 -504317.0493
649 -504316.9989
650 -504316.8774
651 -504316.9439
652 -504316.9028
653 -504317.0414
654 -504316.9769
655 -504316.9614
656 -504316.8797
657 -504316.9666
658 -504316.9634
659 -504316.9669
660 -504316.9862
661 -504316.9953
662 -504316.9280
663 -504316.9728
664 -504317.0328
665 -504316.9734
666 -504317.0507
667 -504316.9965
668 -504317.0213
669 -504316.9271
670 -504317.0303
671 -504316.9648
672 -504316.9472
673 -504316.9546
674 -504317.0716
675 -504317.0156
676 -504316.9838
677 -504316.9691
678 -504317.0052
679 -504316.9184
680 -504317.0197
681 -504317.1025
682 -504317.0192
683 -504316.9512
684 -504316.8852
685 -504317.0066
686 -504316.9813
687 -504316.9716
688 -504317.1188
689 -504316.9788
690 -504316.9155
691 -504316.8730
692 -504316.9464
693 -504316.9593
694 -504316.8030
695 -504316.9557
696 -504316.9780
697 -504317.0005
698 -504316.9166
699 -504317.0676
700 -504316.9788
701 -504316.9637
702 -504317.1716
703 -504317.0436
704 -504317.0106
705 -504317.0068
706 -504316.9198
707 -504316.9452
708 -504316.9961
709 -504317.0184
710 -504316.9296
711 -504316.8818
712 -504316.9970
713 -504316.9354
714 -504316.8828
715 -504317.0404
716 -504317.0043
717 -504316.9853
718 -504317.0124
719 -504317.0962
720 -504316.9581
721 -504316.9639
722 -504316.9433
723 -504317.0622
724 -504316.8877
725 -504316.9959
726 -504316.9977
727 -504317.0010
728 -504316.9907
729 -504316.9939
730 -504316.9306
731 -504316.9999
732 -504316.9903
733 -504317.0011
734 -504317.0614
735 -504316.9723
736 -504317.0525
737 -504316.9262
738 -504316.8575
739 -504317.0718
740 -504317.0657
741 -504316.9455
742 -504316.8639
743 -504316.9123
744 -504317.0291
745 -504316.9445
746 -504317.0106
747 -504316.9443
748 -504316.9470
749 -504316.9078
750 -504316.9279
751 -504317.0266
752 -504316.9881
753 -504316.8989
754 -504316.8740
755 -504316.8485
756 -504316.9690
757 -504316.8955
758 -504316.9647
759 -504316.9190
760 -504316.9956
761 -504316.9706
762 -504316.9312
763 -504316.9817
764 -504316.9435
765 -504316.9980
766 -504317.0543
767 -504317.0588
768 -504317.0358
769 -504316.9950
770 -504316.9519
771 -504317.0714
772 -504317.0115
773 -504316.9915
774 -504317.1126
775 -504316.9956
776 -504317.0555
777 -504317.0347
778 -504317.1679
779 -504317.1022
780 -504316.9692
781 -504316.9104
782 -504317.0833
783 -504316.9983
784 -504317.0775
785 -504317.0985
786 -504317.1526
787 -504317.0446
788 -504317.0163
789 -504317.0159
790 -504317.0884
791 -504316.9384
792 -504317.1184
793 -504317.0961
794 -504317.0392
795 -504317.0097
796 -504317.0557
797 -504317.0046
798 -504317.0432
799 -504317.0567
800 -504317.0518
801 -504317.0759
802 -504317.0660
803 -504317.0610
804 -504317.0229
805 -504317.0543
806 -504317.1337
807 -504316.9484
808 -504317.0006
809 -504317.0390
810 -504316.9825
811 -504316.9856
812 -504316.9608
813 -504316.9597
814 -504317.0015
815 -504316.8893
816 -504317.0025
817 -504316.9418
818 -504317.0268
819 -504317.0022
820 -504316.9931
821 -504317.1081
822 -504316.9761
823 -504316.9679
824 -504316.9030
825 -504316.9811
826 -504317.0192
827 -504317.0828
828 -504316.9988
829 -504317.0993
830 -504317.0158
831 -504316.8997
832 -504317.0586
833 -504317.0254
834 -504317.0796
835 -504317.0075
836 -504317.0742
837 -504317.0695
838 -504317.0080
839 -504317.0237
840 -504317.0109
841 -504317.1288
842 -504317.0144
843 -504316.9783
844 -504316.9344
845 -504317.0830
846 -504316.9648
847 -504316.9873
848 -504316.9102
849 -504316.8829
850 -504317.0111
851 -504317.0192
852 -504317.0000
853 -504316.8656
854 -504317.1593
855 -504317.0845
856 -504316.8762
857 -504317.0200
858 -504316.8879
859 -504316.9986
860 -504317.0341
861 -504317.0028
862 -504316.9265
863 -504316.9695
864 -504316.8752
865 -504317.0080
866 -504316.9465
867 -504316.8906
868 -504316.9808
869 -504317.0311
870 -504316.9737
871 -504316.9496
872 -504316.9720
873 -504316.9113
874 -504316.9693
875 -504316.9738
876 -504316.9034
877 -504316.9526
878 -504316.9808
879 -504316.9090
880 -504317.0868
881 -504316.9871
882 -504317.0225
883 -504316.9830
884 -504316.9735
885 -504317.0731
886 -504317.0222
887 -504317.0053
888 -504316.9788
889 -504316.7904
890 -504317.0547
891 -504316.9430
892 -504316.9666
893 -504317.0369
894 -504317.0457
895 -504317.0429
896 -504317.0086
897 -504316.9153
898 -504317.0351
899 -504316.9799
900 -504316.9154
901 -504317.0832
902 -504317.0218
903 -504316.9551
904 -504316.9627
905 -504316.8474
906 -504317.0459
907 -504316.8624
908 -504316.8341
909 -504316.9305
910 -504317.0312
911 -504317.0046
912 -504316.9296
913 -504316.9632
914 -504316.9315
915 -504316.8878
916 -504316.9171
917 -504317.0080
918 -504316.9043
919 -504317.0035
920 -504316.9485
921 -504316.9230
922 -504316.8900
923 -504316.9407
924 -504316.9412
925 -504316.7771
926 -504316.9318
927 -504316.8638
928 -504316.8723
929 -504316.9151
930 -504316.9408
931 -504316.9557
932 -504316.8217
933 -504316.8004
934 -504316.8489
935 -504316.9503
936 -504316.9233
937 -504316.9743
938 -504316.9719
939 -504316.8828
940 -504316.8536
941 -504316.9493
942 -504316.9574
943 -504316.9409
944 -504316.8953
945 -504316.9312
946 -504317.0672
947 -504316.9641
948 -504316.9523
949 -504316.9664
950 -504316.8741
951 -504316.9626
952 -504317.0404
953 -504316.9793
954 -504316.8727
955 -504316.9418
956 -504317.0222
957 -504316.9193
958 -504316.9202
959 -504316.9792
960 -504316.9832
961 -504316.9271
962 -504316.9765
963 -504316.9425
964 -504316.9805
965 -504317.0197
966 -504316.9668
967 -504316.9566
968 -504317.0409
969 -504316.8357
970 -504317.0269
971 -504316.8172
972 -504316.8198
973 -504316.8632
974 -504316.8369
975 -504316.9108
976 -504316.9367
977 -504317.0069
978 -504316.9440
979 -504316.9074
980 -504316.8631
981 -504316.9452
982 -504317.0676
983 -504316.9646
984 -504316.9571
985 -504316.9627
986 -504316.8444
987 -504316.9977
988 -504317.0186
989 -504317.0268
990 -504317.0084
991 -504316.9522
992 -504316.9292
993 -504316.9658
994 -504317.0073
995 -504316.8349
996 -504316.8845
997 -504317.0040
998 -504316.9158
999 -504317.0030
1000 -504316.9928
