1 -505229.3355
2 -505229.4090
3 -505229.4196
4 -505229.3721
5 -505229.3140
6 -505229.3639
7 -505229.4101
8 -505229.3405
9 -505229.4102
10 -505229.3883
11 -505229.4167
12 -505229.4510
13 -505229.4447
14 -505229.4392
15 -505229.4368
16 -505229.5438
17 -505229.4299
18 -505229.3418
19 -505229.4013
20 -505229.4355
21 -505229.4782
22 -505229.4849
23 -505229.4746
24 -505229.4937
25 -505229.5458
26 -505229.4604
27 -505229.4377
28 -505229.4542
29 -505229.5425
30 -505229.5171
31 -505229.5006
32 -505229.4376
33 -505229.5102
34 -505229.5313
35 -505229.5204
36 -505229.5622
37 -505229.5421
38 -505229.5938
39 -505229.5664
40 -505229.4813
41 -505229.5285
42 -505229.5335
43 -505229.5746
44 -505229.5515
45 -505229.5845
46 -505229.5302
47 -505229.5802
48 -505229.5593
49 -505229.5637
50 -505229.5666
51 -505229.5804
52 -505229.5215
53 -505229.5570
54 -505229.4747
55 -505229.5888
56 -505229.5381
57 -505229.4974
58 -505229.5285
59 -505229.5850
60 -505229.5041
61 -505229.5352
62 -505229.6020
63 -505229.5299
64 -505229.6560
65 -505229.5740
66 -505229.6587
67 -505229.6142
68 -505229.6357
69 -505229.5842
70 -505229.5894
71 -505229.6204
72 -505229.6486
73 -505229.5394
74 -505229.6421
75 -505229.5323
76 -505229.6643
77 -505229.6607
78 -505229.6976
79 -505229.6309
80 -505229.6060
81 -505229.5974
82 -505229.6385
83 -505229.6999
84 -505229.7018
85 -505229.6194
86 -505229.6910
87 -505229.6948
88 -505229.5806
89 -505229.6301
90 -505229.6588
91 -505229.6735
92 -505229.6321
93 -505229.6909
94 -505229.6552
95 -505229.7200
96 -505229.6358
97 -505229.6633
98 -505229.5682
99 -505229.6461
100 -505229.6955
101 -505229.7430
102 -505229.5865
103 -505229.6204
104 -505229.6538
105 -505229.5546
106 -505229.6757
107 -505229.6977
108 -505229.6859
109 -505229.7467
110 -505229.6259
111 -505229.6326
112 -505229.6875
113 -505229.7325
114 -505229.6735
115 -505229.6232
116 -505229.7097
117 -505229.6661
118 -505229.6559
119 -505229.7011
120 -505229.7131
121 -505229.5823
122 -505229.6619
123 -505229.6256
124 -505229.6117
125 -505229.6861
126 -505229.7284
127 -505229.7787
128 -505229.7703
129 -505229.7793
130 -505229.7312
131 -505229.5937
132 -505229.6994
133 -505229.7337
134 -505229.7374
135 -505229.6935
136 -505229.6941
137 -505229.7280
138 -505229.7301
139 -505229.6438
140 -505229.6798
141 -505229.6349
142 -505229.7423
143 -505229.6827
144 -505229.7269
145 -505229.7644
146 -505229.7136
147 -505229.7159
148 -505229.7417
149 -505229.7331
150 -505229.7565
151 -505229.6750
152 -505229.7200
153 -505229.7057
154 -505229.7240
155 -505229.7446
156 -505229.7364
157 -505229.6718
158 -505229.7598
159 -505229.8267
160 -505229.6994
161 -505229.7011
162 -505229.8185
163 -505229.8356
164 -505229.8173
165 -505229.7993
166 -505229.7457
167 -505229.8644
168 -505229.7270
169 -505229.7444
170 -505229.8434
171 -505229.8283
172 -505229.7020
173 -505229.7799
174 -505229.7852
175 -505229.8225
176 -505229.7674
177 -505229.7357
178 -505229.7583
179 -505229.7864
180 -505229.7744
181 -505229.8128
182 -505229.7403
183 -505229.7196
184 -505229.7532
185 -505229.7971
186 -505229.7157
187 -505229.8371
188 -505229.7607
189 -505229.7709
190 -505229.8442
191 -505229.8388
192 -505229.7598
193 -505229.7966
194 -505229.8482
195 -505229.8371
196 -505229.8203
197 -505229.7494
198 -505229.8313
199 -505229.8216
200 -505229.7925
201 -505229.7904
202 -505229.8418
203 -505229.8461
204 -505229.8088
205 -505229.8136
206 -505229.7818
207 -505229.8275
208 -505229.7982
209 -505229.8874
210 -505229.8222
211 -505229.7724
212 -505229.7733
213 -505229.7915
214 -505229.7878
215 -505229.8384
216 -505229.8211
217 -505229.8541
218 -505229.8230
219 -505229.8442
220 -505229.8144
221 -505229.7972
222 -505229.8485
223 -505229.8791
224 -505229.8824
225 -505229.8379
226 -505229.8159
227 -505229.8257
228 -505229.9056
229 -505229.8310
230 -505229.8842
231 -505229.8415
232 -505229.8025
233 -505229.8722
234 -505229.8202
235 -505229.8251
236 -505229.8295
237 -505229.8822
238 -505229.9353
239 -505229.8395
240 -505229.8181
241 -505229.8274
242 -505229.8807
243 -505229.8433
244 -505229.8045
245 -505229.8468
246 -505229.8561
247 -505229.8517
248 -505229.8259
249 -505229.8638
250 -505229.8782
251 -505229.8681
252 -505229.8514
253 -505229.9510
254 -505229.8340
255 -505229.8573
256 -505229.7659
257 -505229.8851
258 -505229.8572
259 -505229.8164
260 -505229.8978
261 -505229.9229
262 -505229.9036
263 -505229.8836
264 -505229.9004
265 -505229.9081
266 -505229.9585
267 -505229.9089
268 -505229.8544
269 -505229.8952
270 -505229.8886
271 -505229.9391
272 -505229.9029
273 -505229.8951
274 -505229.9097
275 -505229.8540
276 -505229.8402
277 -505229.8685
278 -505229.8700
279 -505229.8982
280 -505229.8998
281 -505229.9160
282 -505229.8627
283 -505229.9128
284 -505229.9143
285 -505229.8868
286 -505229.9310
287 -505229.9550
288 -505229.8766
289 -505229.9539
290 -505229.8948
291 -505229.9116
292 -505229.8580
293 -505229.8541
294 -505230.0451
295 -505229.9226
296 -505229.7928
297 -505229.9358
298 -505229.9505
299 -505229.9143
300 -505229.9169
301 -505229.8751
302 -505229.8779
303 -505229.9224
304 -505229.9207
305 -505229.9008
306 -505229.9125
307 -505229.9095
308 -505229.8514
309 -505229.9561
310 -505229.9807
311 -505229.8969
312 -505229.9250
313 -505229.9496
314 -505229.8540
315 -505229.9672
316 -505229.8997
317 -505229.8401
318 -505229.8686
319 -505229.9156
320 -505229.9887
321 -505229.9052
322 -505229.8908
323 -505229.8709
324 -505229.9294
325 -505229.8778
326 -505229.9917
327 -505229.9599
328 -505229.8567
329 -505229.9070
330 -505229.8588
331 -505229.8970
332 -505229.9266
333 -505229.9434
334 -505229.8199
335 -505229.9522
336 -505229.9150
337 -505229.9058
338 -505229.9429
339 -505229.9276
340 -505229.9430
341 -505230.0269
342 -505229.9549
343 -505229.8753
344 -505229.9673
345 -505229.9921
346 -505229.9590
347 -505229.8916
348 -505229.8978
349 -505229.9642
350 -505229.9537
351 -505229.9584
352 -505230.0074
353 -505229.8752
354 -505230.0278
355 -505230.0066
356 -505229.9448
357 -505229.9142
358 -505229.9105
359 -505229.9559
360 -505230.0158
361 -505229.9957
362 -505229.9450
363 -505230.0208
364 -505229.9197
365 -505229.9835
366 -505229.9340
367 -505230.0014
368 -505229.9347
369 -505230.0021
370 -505230.0544
371 -505230.0138
372 -505230.0061
373 -505229.9954
374 -505230.0382
375 -505230.0601
376 -505230.0315
377 -505229.9871
378 -505230.0025
379 -505229.9958
380 -505229.9052
381 -505229.9587
382 -505229.9783
383 -505230.0041
384 -505229.9526
385 -505229.9408
386 -505230.0080
387 -505230.0386
388 -505230.0264
389 -505229.9955
390 -505229.9982
391 -505229.9864
392 -505230.0300
393 -505230.1062
394 -505229.9511
395 -505229.9985
396 -505229.9700
397 -505229.9807
398 -505230.0003
399 -505229.9890
400 -505229.9205
401 -505230.0500
402 -505230.0079
403 -505230.0349
404 -505229.9637
405 -505230.0108
406 -505230.0084
407 -505230.0914
408 -505230.0946
409 -505230.0794
410 -505230.0559
411 -505230.0923
412 -505230.0189
413 -505230.1113
414 -505230.0100
415 -505230.0753
416 -505230.0782
417 -505230.0715
418 -505230.0537
419 -505230.0562
420 -505230.0972
421 -505230.1503
422 -505230.0953
423 -505230.0789
424 -505230.0623
425 -505230.0575
426 -505230.0620
427 -505230.1006
428 -505230.0705
429 -505230.0645
430 -505230.1156
431 -505230.0152
432 -505230.1113
433 -505230.0754
434 -505230.0954
435 -505230.0321
436 -505230.1664
437 -505230.0802
438 -505230.1205
439 -505230.1217
440 -505230.1234
441 -505230.0065
442 -505230.0923
443 -505230.1531
444 -505230.0253
445 -505230.0922
446 -505230.1157
447 -505230.0623
448 -505230.1146
449 -505230.1535
450 -505230.1193
451 -505230.0930
452 -505230.0768
453 -505230.1269
454 -505230.1391
455 -505230.0806
456 -505230.1511
457 -505230.1209
458 -505230.1917
459 -505230.1112
460 -505230.1659
461 -505230.1761
462 -505230.1325
463 -505230.0811
464 -505230.1961
465 -505230.2326
466 -505230.1420
467 -505230.0506
468 -505230.1260
469 -505230.1513
470 -505230.1930
471 -505230.1778
472 -505230.1661
473 -505230.1988
474 -505230.2017
475 -505230.2178
476 -505230.1790
477 -505230.1214
478 -505230.2058
479 -505230.1471
480 -505230.1910
481 -505230.1114
482 -505230.1648
483 -505230.1106
484 -505230.2128
485 -505230.1899
486 -505230.1810
487 -505230.1601
488 -505230.1477
489 -505230.1738
490 -505230.2397
491 -505230.1840
492 -505230.2286
493 -505230.1843
494 -505230.2621
495 -505230.2099
496 -505230.1549
497 -505230.1841
498 -505230.1565
499 -505230.2550
500 -505230.2261
501 -505230.1602
502 -505230.1636
503 -505230.2448
504 -505230.2261
505 -505230.2160
506 -505230.2583
507 -505230.2096
508 -505230.2109
509 -505230.2633
510 -505230.1414
511 -505230.2297
512 -505230.2637
513 -505230.1867
514 -505230.2064
515 -505230.2107
516 -505230.2000
517 -505230.1894
518 -505230.2508
519 -505230.2520
520 -505230.2168
521 -505230.2068
522 -505230.2239
523 -505230.2386
524 -505230.1165
525 -505230.2416
526 -505230.2409
527 -505230.2221
528 -505230.2631
529 -505230.2744
530 -505230.2494
531 -505230.2982
532 -505230.2472
533 -505230.2602
534 -505230.3034
535 -505230.2426
536 -505230.2806
537 -505230.3544
538 -505230.2081
539 -505230.2934
540 -505230.2284
541 -505230.2712
542 -505230.2321
543 -505230.3104
544 -505230.2949
545 -505230.2528
546 -505230.2804
547 -505230.2513
548 -505230.2424
549 -505230.3503
550 -505230.2569
551 -505230.2869
552 -505230.3477
553 -505230.2345
554 -505230.2712
555 -505230.2485
556 -505230.3629
557 -505230.2634
558 -505230.2659
559 -505230.3111
560 -505230.2456
561 -505230.2020
562 -505230.2750
563 -505230.3253
564 -505230.2708
565 -505230.3055
566 -505230.3442
567 -505230.2635
568 -505230.2497
569 -505230.2733
570 -505230.3048
571 -505230.2944
572 -505230.3032
573 -505230.3278
574 -505230.2612
575 -505230.3901
576 -505230.1861
577 -505230.2035
578 -505230.3263
579 -505230.3267
580 -505230.2733
581 -505230.3375
582 -505230.2167
583 -505230.3346
584 -505230.2821
585 -505230.3172
586 -505230.1948
587 -505230.3128
588 -505230.3168
589 -505230.2993
590 -505230.4095
591 -505230.3398
592 -505230.3516
593 -505230.2656
594 -505230.2793
595 -505230.2523
596 -505230.4395
597 -505230.3074
598 -505230.2450
599 -505230.2634
600 -505230.3193
601 -505230.2739
602 -505230.3069
603 -505230.3343
604 -505230.3372
605 -505230.2557
606 -505230.3826
607 -505230.3390
608 -505230.3248
609 -505230.3133
610 -505230.2964
611 -505230.3593
612 -505230.3640
613 -505230.3090
614 -505230.4048
615 -505230.3317
616 -505230.4179
617 -505230.3627
618 -505230.3264
619 -505230.3096
620 -505230.2670
621 -505230.4237
622 -505230.2806
623 -505230.3497
624 -505230.3218
625 -505230.3438
626 -505230.3168
627 -505230.3250
628 -505230.4431
629 -505230.4350
630 -505230.2639
631 -505230.3882
632 -505230.3954
633 -505230.2914
634 -505230.3804
635 -505230.4528
636 -505230.3818
637 -505230.3417
638 -505230.3706
639 -505230.3343
640 -505230.4791
641 -505230.4511
642 -505230.3869
643 -505230.3887
644 -505230.4387
645 -505230.3578
646 -505230.3573
647 -505230.3788
648 -505230.4255
649 -505230.3659
650 -505230.4239
651 -505230.3437
652 -505230.3345
653 -505230.4311
654 -505230.3858
655 -505230.4419
656 -505230.4114
657 -505230.3628
658 -505230.3875
659 -505230.3351
660 -505230.3595
661 -505230.4535
662 -505230.4255
663 -505230.3744
664 -505230.4128
665 -505230.3009
666 -505230.3976
667 -505230.4152
668 -505230.3882
669 -505230.4393
670 -505230.3844
671 -505230.3826
672 -505230.3879
673 -505230.4236
674 -505230.4134
675 -505230.4705
676 -505230.4416
677 -505230.4622
678 -505230.3813
679 -505230.4520
680 -505230.4380
681 -505230.4487
682 -505230.4461
683 -505230.3685
684 -505230.4506
685 -505230.4351
686 -505230.4308
687 -505230.4788
688 -505230.4392
689 -505230.3964
690 -505230.3967
691 -505230.3967
692 -505230.4472
693 -505230.5330
694 -505230.5946
695 -505230.4441
696 -505230.4505
697 -505230.5526
698 -505230.5248
699 -505230.4848
700 -505230.4374
701 -505230.4898
702 -505230.4629
703 -505230.5267
704 -505230.4746
705 -505230.5376
706 -505230.4206
707 -505230.4003
708 -505230.4863
709 -505230.5027
710 -505230.5533
711 -505230.5310
712 -505230.4727
713 -505230.4447
714 -505230.4099
715 -505230.4620
716 -505230.4805
717 -505230.4901
718 -505230.5288
719 -505230.4573
720 -505230.4526
721 -505230.4746
722 -505230.4911
723 -505230.4571
724 -505230.4507
725 -505230.5291
726 -505230.5496
727 -505230.4788
728 -505230.5566
729 -505230.5861
730 -505230.4615
731 -505230.5152
732 -505230.4842
733 -505230.5117
734 -505230.4483
735 -505230.5319
736 -505230.5734
737 -505230.4205
738 -505230.5256
739 -505230.5871
740 -505230.4131
741 -505230.5320
742 -505230.4761
743 -505230.4881
744 -505230.5608
745 -505230.5197
746 -505230.5415
747 -505230.4909
748 -505230.5743
749 -505230.5407
750 -505230.5840
751 -505230.5240
752 -505230.5369
753 -505230.6333
754 -505230.5387
755 -505230.5395
756 -505230.5217
757 -505230.4697
758 -505230.5279
759 -505230.6750
760 -505230.4716
761 -505230.5455
762 -505230.5771
763 -505230.5129
764 -505230.5538
765 -505230.5241
766 -505230.5704
767 -505230.6032
768 -505230.5503
769 -505230.5947
770 -505230.5662
771 -505230.5938
772 -505230.5797
773 -505230.5782
774 -505230.6702
775 -505230.5302
776 -505230.6093
777 -505230.6271
778 -505230.6316
779 -505230.6044
780 -505230.5835
781 -505230.5402
782 -505230.5929
783 -505230.5358
784 -505230.6331
785 -505230.5776
786 -505230.6737
787 -505230.6711
788 -505230.6776
789 -505230.6485
790 -505230.6156
791 -505230.6273
792 -505230.5763
793 -505230.5650
794 -505230.5367
795 -505230.5952
796 -505230.6074
797 -505230.6164
798 -505230.6543
799 -505230.7100
800 -505230.6235
801 -505230.6027
802 -505230.7207
803 -505230.5489
804 -505230.6284
805 -505230.5664
806 -505230.6465
807 -505230.5457
808 -505230.6139
809 -505230.5721
810 -505230.6878
811 -505230.6085
812 -505230.6479
813 -505230.6347
814 -505230.6524
815 -505230.6823
816 -505230.6596
817 -505230.6892
818 -505230.6610
819 -505230.6675
820 -505230.7207
821 -505230.6898
822 -505230.6790
823 -505230.6032
824 -505230.6548
825 -505230.6357
826 -505230.7206
827 -505230.6016
828 -505230.6515
829 -505230.6679
830 -505230.6767
831 -505230.6678
832 -505230.6777
833 -505230.6323
834 -505230.6703
835 -505230.6390
836 -505230.6939
837 -505230.6162
838 -505230.6482
839 -505230.7220
840 -505230.7377
841 -505230.6743
842 -505230.7046
843 -505230.7063
844 -505230.7023
845 -505230.6699
846 -505230.6842
847 -505230.6928
848 -505230.7405
849 -505230.7207
850 -505230.7313
851 -505230.6406
852 -505230.7572
853 -505230.6727
854 -505230.7168
855 -505230.6400
856 -505230.6671
857 -505230.7081
858 -505230.6829
859 -505230.7783
860 -505230.7051
861 -505230.7484
862 -505230.7359
863 -505230.6948
864 -505230.7031
865 -505230.6909
866 -505230.7101
867 -505230.7294
868 -505230.7066
869 -505230.7663
870 -505230.7211
871 -505230.8076
872 -505230.6953
873 -505230.6151
874 -505230.7056
875 -505230.7413
876 -505230.7271
877 -505230.7387
878 -505230.7965
879 -505230.7450
880 -505230.7298
881 -505230.6574
882 -505230.6823
883 -505230.6957
884 -505230.6704
885 -505230.6862
886 -505230.7766
887 -505230.7569
888 -505230.6249
889 -505230.7437
890 -505230.7267
891 -505230.7158
892 -505230.7509
893 -505230.7594
894 -505230.7379
895 -505230.7652
896 -505230.7635
897 -505230.7779
898 -505230.7789
899 -505230.6924
900 -505230.7219
901 -505230.7796
902 -505230.6903
903 -505230.6912
904 -505230.7862
905 -505230.7906
906 -505230.8171
907 -505230.7230
908 -505230.8121
909 -505230.8102
910 -505230.7771
911 -505230.8313
912 -505230.8374
913 -505230.7825
914 -505230.8282
915 -505230.7601
916 -505230.7594
917 -505230.8728
918 -505230.8100
919 -505230.7811
920 -505230.7886
921 -505230.7694
922 -505230.7807
923 -505230.8615
924 -505230.7106
925 -505230.7780
926 -505230.7675
927 -505230.8458
928 -505230.8122
929 -505230.8673
930 -505230.8407
931 -505230.8545
932 -505230.8481
933 -505230.8645
934 -505230.7823
935 -505230.8428
936 -505230.8212
937 -505230.8854
938 -505230.7990
939 -505230.8532
940 -505230.8307
941 -505230.8613
942 -505230.8001
943 -505230.8787
944 -505230.8040
945 -505230.8653
946 -505230.8430
947 -505230.8910
948 -505230.8384
949 -505230.9037
950 -505230.8616
951 -505230.9219
952 -505230.9030
953 -505230.8813
954 -505230.8090
955 -505230.8186
956 -505230.8862
957 -505230.8228
958 -505230.9363
959 -505230.8349
960 -505230.9459
961 -505230.8777
962 -505230.7982
963 -505230.8389
964 -505230.8871
965 -505230.9113
966 -505230.9415
967 -505230.8708
968 -505230.8966
969 -505230.9353
970 -505230.9061
971 -505230.9258
972 -505230.9636
973 -505230.9446
974 -505230.9330
975 -505230.9825
976 -505230.9197
977 -505230.9823
978 -505230.9418
979 -505230.9193
980 -505230.9528
981 -505231.0131
982 -505230.9678
983 -505230.9940
984 -505230.9544
985 -505231.0198
986 -505230.9845
987 -505230.9419
988 -505230.8956
989 -505230.9168
990 -505230.9253
991 -505230.9708
992 -505230.9949
993 -505230.8637
994 -505230.8729
995 -505230.9667
996 -505230.9380
997 -505230.9542
998 -505230.9190
999 -505230.9427
1000 -505230.9474
