1 -376023.5423
2 -376023.4506
3 -376023.5949
4 -376023.5495
5 -376023.5984
6 -376023.6028
7 -376023.5809
8 -376023.5787
9 -376023.6573
10 -376023.6141
11 -376023.6260
12 -376023.6486
13 -376023.6368
14 -376023.6531
15 -376023.6835
16 -376023.6331
17 -376023.6122
18 -376023.7175
19 -376023.6750
20 -376023.7356
21 -376023.6428
22 -376023.6677
23 -376023.6255
24 -376023.7082
25 -376023.6646
26 -376023.6381
27 -376023.6687
28 -376023.6703
29 -376023.6551
30 -376023.6787
31 -376023.5909
32 -376023.7009
33 -376023.6181
34 -376023.6624
35 -376023.6787
36 -376023.6726
37 -376023.6439
38 -376023.7185
39 -376023.7740
40 -376023.6523
41 -376023.6911
42 -376023.6040
43 -376023.6847
44 -376023.6732
45 -376023.6940
46 -376023.7441
47 -376023.6633
48 -376023.5750
49 -376023.6267
50 -376023.6947
51 -376023.5672
52 -376023.7269
53 -376023.6718
54 -376023.6803
55 -376023.6181
56 -376023.6964
57 -376023.7300
58 -376023.7155
59 -376023.6360
60 -376023.6516
61 -376023.6529
62 -376023.6935
63 -376023.6125
64 -376023.6145
65 -376023.6660
66 -376023.6810
67 -376023.6951
68 -376023.5929
69 -376023.5745
70 -376023.6571
71 -376023.6437
72 -376023.7247
73 -376023.6375
74 -376023.6421
75 -376023.7115
76 -376023.6255
77 -376023.5916
78 -376023.6074
79 -376023.6875
80 -376023.5790
81 -376023.6038
82 -376023.6994
83 -376023.5650
84 -376023.5924
85 -376023.6376
86 -376023.7586
87 -376023.6861
88 -376023.7359
89 -376023.6421
90 -376023.6659
91 -376023.6467
92 -376023.7043
93 -376023.5508
94 -376023.6261
95 -376023.6134
96 -376023.6864
97 -376023.6485
98 -376023.6800
99 -376023.6179
100 -376023.6547
101 -376023.6922
102 -376023.6195
103 -376023.6878
104 -376023.6348
105 -376023.6982
106 -376023.7174
107 -376023.7753
108 -376023.6593
109 -376023.7142
110 -376023.6729
111 -376023.6702
112 -376023.7235
113 -376023.6678
114 -376023.7212
115 -376023.7394
116 -376023.6008
117 -376023.6929
118 -376023.6891
119 -376023.6717
120 -376023.5841
121 -376023.6281
122 -376023.6670
123 -376023.6526
124 -376023.7004
125 -376023.6713
126 -376023.6118
127 -376023.7501
128 -376023.6298
129 -376023.7418
130 -376023.6900
131 -376023.7485
132 -376023.6643
133 -376023.6068
134 -376023.6945
135 -376023.6617
136 -376023.6315
137 -376023.6957
138 -376023.6532
139 -376023.6569
140 -376023.6180
141 -376023.6812
142 -376023.6999
143 -376023.7340
144 -376023.6034
145 -376023.7276
146 -376023.7347
147 -376023.6103
148 -376023.6836
149 -376023.7381
150 -376023.7498
151 -376023.5928
152 -376023.6658
153 -376023.7083
154 -376023.7072
155 -376023.7219
156 -376023.6509
157 -376023.7515
158 -376023.7289
159 -376023.6631
160 -376023.6648
161 -376023.7144
162 -376023.7035
163 -376023.6811
164 -376023.6566
165 -376023.7623
166 -376023.7087
167 -376023.7166
168 -376023.6921
169 -376023.6066
170 -376023.7294
171 -376023.6225
172 -376023.6767
173 -376023.5984
174 -376023.6029
175 -376023.6644
176 -376023.6254
177 -376023.6015
178 -376023.6996
179 -376023.6921
180 -376023.7253
181 -376023.7087
182 -376023.6358
183 -376023.7460
184 -376023.6630
185 -376023.6893
186 -376023.6235
187 -376023.7296
188 -376023.7338
189 -376023.6949
190 -376023.6489
191 -376023.6384
192 -376023.7111
193 -376023.6493
194 -376023.6441
195 -376023.6898
196 -376023.7525
197 -376023.7228
198 -376023.7071
199 -376023.6626
200 -376023.7054
201 -376023.6590
202 -376023.6901
203 -376023.7330
204 -376023.6480
205 -376023.7220
206 -376023.7541
207 -376023.7302
208 -376023.6465
209 -376023.7381
210 -376023.7059
211 -376023.7340
212 -376023.6822
213 -376023.6527
214 -376023.7067
215 -376023.6965
216 -376023.7400
217 -376023.6797
218 -376023.6384
219 -376023.6785
220 -376023.6607
221 -376023.6460
222 -376023.6614
223 -376023.6781
224 -376023.7016
225 -376023.6494
226 -376023.7513
227 -376023.6706
228 -376023.6620
229 -376023.6863
230 -376023.6691
231 -376023.7113
232 -376023.7202
233 -376023.7264
234 -376023.6309
235 -376023.7032
236 -376023.6676
237 -376023.6802
238 -376023.6551
239 -376023.6219
240 -376023.6900
241 -376023.6813
242 -376023.6128
243 -376023.6299
244 -376023.7428
245 -376023.6281
246 -376023.6541
247 -376023.7492
248 -376023.6744
249 -376023.6824
250 -376023.6118
251 -376023.7551
252 -376023.7526
253 -376023.7102
254 -376023.6900
255 -376023.7000
256 -376023.6341
257 -376023.6404
258 -376023.7335
259 -376023.6368
260 -376023.7314
261 -376023.7174
262 -376023.6100
263 -376023.6278
264 -376023.5963
265 -376023.7270
266 -376023.5816
267 -376023.6243
268 -376023.6285
269 -376023.6826
270 -376023.6069
271 -376023.6456
272 -376023.6552
273 -376023.6835
274 -376023.7386
275 -376023.6152
276 -376023.6516
277 -376023.6438
278 -376023.7419
279 -376023.6416
280 -376023.6701
281 -376023.6623
282 -376023.7512
283 -376023.5938
284 -376023.6858
285 -376023.5950
286 -376023.6321
287 -376023.6903
288 -376023.7437
289 -376023.6097
290 -376023.5976
291 -376023.7046
292 -376023.6470
293 -376023.7170
294 -376023.6418
295 -376023.6950
296 -376023.6627
297 -376023.5799
298 -376023.6417
299 -376023.6620
300 -376023.6620
301 -376023.6885
302 -376023.6925
303 -376023.6947
304 -376023.5825
305 -376023.6435
306 -376023.6976
307 -376023.6718
308 -376023.6545
309 -376023.6651
310 -376023.6716
311 -376023.6567
312 -376023.7381
313 -376023.5906
314 -376023.7470
315 -376023.6748
316 -376023.6655
317 -376023.6586
318 -376023.7198
319 -376023.6620
320 -376023.6858
321 -376023.6301
322 -376023.5920
323 -376023.6874
324 -376023.6832
325 -376023.6990
326 -376023.7262
327 -376023.7271
328 -376023.6854
329 -376023.6172
330 -376023.6358
331 -376023.6861
332 -376023.6165
333 -376023.6853
334 -376023.6950
335 -376023.6898
336 -376023.6717
337 -376023.6884
338 -376023.6681
339 -376023.6854
340 -376023.7382
341 -376023.6450
342 -376023.7145
343 -376023.6407
344 -376023.6371
345 -376023.7036
346 -376023.7462
347 -376023.6056
348 -376023.5640
349 -376023.6877
350 -376023.6842
351 -376023.6332
352 -376023.6409
353 -376023.6026
354 -376023.6132
355 -376023.7062
356 -376023.6625
357 -376023.6483
358 -376023.6628
359 -376023.7380
360 -376023.6378
361 -376023.6320
362 -376023.7029
363 -376023.6735
364 -376023.5800
365 -376023.6986
366 -376023.7029
367 -376023.6854
368 -376023.7111
369 -376023.7380
370 -376023.7170
371 -376023.5850
372 -376023.6862
373 -376023.7038
374 -376023.7163
375 -376023.6969
376 -376023.7176
377 -376023.7415
378 -376023.7482
379 -376023.6743
380 -376023.7226
381 -376023.7055
382 -376023.7368
383 -376023.6535
384 -376023.6826
385 -376023.7816
386 -376023.6528
387 -376023.7374
388 -376023.7657
389 -376023.6758
390 -376023.7109
391 -376023.7519
392 -376023.6928
393 -376023.6589
394 -376023.7032
395 -376023.7092
396 -376023.8101
397 -376023.6948
398 -376023.6877
399 -376023.6741
400 -376023.6606
401 -376023.6523
402 -376023.6609
403 -376023.6672
404 -376023.6499
405 -376023.6998
406 -376023.6886
407 -376023.7277
408 -376023.7162
409 -376023.7173
410 -376023.7046
411 -376023.7114
412 -376023.7253
413 -376023.7385
414 -376023.7883
415 -376023.7471
416 -376023.6659
417 -376023.7745
418 -376023.6873
419 -376023.7704
420 -376023.6771
421 -376023.6599
422 -376023.7716
423 -376023.6746
424 -376023.7668
425 -376023.6938
426 -376023.7094
427 -376023.6885
428 -376023.7110
429 -376023.7813
430 -376023.7728
431 -376023.6610
432 -376023.6690
433 -376023.7514
434 -376023.7648
435 -376023.7499
436 -376023.7369
437 -376023.7610
438 -376023.6284
439 -376023.6780
440 -376023.6692
441 -376023.6641
442 -376023.7140
443 -376023.7239
444 -376023.6633
445 -376023.6495
446 -376023.6415
447 -376023.7863
448 -376023.7147
449 -376023.6888
450 -376023.6160
451 -376023.7373
452 -376023.7149
453 -376023.7733
454 -376023.7084
455 -376023.7031
456 -376023.7099
457 -376023.6852
458 -376023.7047
459 -376023.7163
460 -376023.7132
461 -376023.7204
462 -376023.6688
463 -376023.6643
464 -376023.7187
465 -376023.7279
466 -376023.7752
467 -376023.7319
468 -376023.7313
469 -376023.7541
470 -376023.7901
471 -376023.7462
472 -376023.7063
473 -376023.7587
474 -376023.7195
475 -376023.7474
476 -376023.7807
477 -376023.7536
478 -376023.7122
479 -376023.7467
480 -376023.7039
481 -376023.7279
482 -376023.6651
483 -376023.7359
484 -376023.6683
485 -376023.7262
486 -376023.7324
487 -376023.6532
488 -376023.7445
489 -376023.6563
490 -376023.7357
491 -376023.8408
492 -376023.7914
493 -376023.7277
494 -376023.7115
495 -376023.7610
496 -376023.7752
497 -376023.7448
498 -376023.7432
499 -376023.6770
500 -376023.7409
501 -376023.7135
502 -376023.7121
503 -376023.6999
504 -376023.7347
505 -376023.7574
506 -376023.6684
507 -376023.7148
508 -376023.7108
509 -376023.6733
510 -376023.7350
511 -376023.6952
512 -376023.7070
513 -376023.6390
514 -376023.7498
515 -376023.6980
516 -376023.6519
517 -376023.6829
518 -376023.6962
519 -376023.7353
520 -376023.6146
521 -376023.7325
522 -376023.6757
523 -376023.7234
524 -376023.7186
525 -376023.6457
526 -376023.7133
527 -376023.6853
528 -376023.7373
529 -376023.7326
530 -376023.7609
531 -376023.7406
532 -376023.6836
533 -376023.6964
534 -376023.7413
535 -376023.7201
536 -376023.7602
537 -376023.7235
538 -376023.7015
539 -376023.7406
540 -376023.7031
541 -376023.6972
542 -376023.6765
543 -376023.6859
544 -376023.6789
545 -376023.7207
546 -376023.7057
547 -376023.7860
548 -376023.7157
549 -376023.7836
550 -376023.7656
551 -376023.7085
552 -376023.8299
553 -376023.7353
554 -376023.6897
555 -376023.7293
556 -376023.7650
557 -376023.6888
558 -376023.7606
559 -376023.7534
560 -376023.7094
561 -376023.7444
562 -376023.6185
563 -376023.7627
564 -376023.6413
565 -376023.7383
566 -376023.7039
567 -376023.7629
568 -376023.7034
569 -376023.7057
570 -376023.6955
571 -376023.6540
572 -376023.7062
573 -376023.6573
574 -376023.6513
575 -376023.8134
576 -376023.7263
577 -376023.6122
578 -376023.7267
579 -376023.7497
580 -376023.6885
581 -376023.6243
582 -376023.7464
583 -376023.7300
584 -376023.6346
585 -376023.6214
586 -376023.6908
587 -376023.7207
588 -376023.7045
589 -376023.7018
590 -376023.7210
591 -376023.6109
592 -376023.7351
593 -376023.7325
594 -376023.6460
595 -376023.6531
596 -376023.6599
597 -376023.7517
598 -376023.7652
599 -376023.6958
600 -376023.6830
601 -376023.6471
602 -376023.6642
603 -376023.6810
604 -376023.6943
605 -376023.7266
606 -376023.6546
607 -376023.6167
608 -376023.7229
609 -376023.7299
610 -376023.6736
611 -376023.6527
612 -376023.7169
613 -376023.6529
614 -376023.6756
615 -376023.6564
616 -376023.7247
617 -376023.7821
618 -376023.6876
619 -376023.6841
620 -376023.6720
621 -376023.6715
622 -376023.7080
623 -376023.6957
624 -376023.6403
625 -376023.6730
626 -376023.6951
627 -376023.6176
628 -376023.7056
629 -376023.7098
630 -376023.6992
631 -376023.7132
632 -376023.6583
633 -376023.6450
634 -376023.6829
635 -376023.6479
636 -376023.6667
637 -376023.7274
638 -376023.7370
639 -376023.7457
640 -376023.7265
641 -376023.6914
642 -376023.6848
643 -376023.6933
644 -376023.6253
645 -376023.6970
646 -376023.7051
647 -376023.6799
648 -376023.6674
649 -376023.6400
650 -376023.6089
651 -376023.6533
652 -376023.6604
653 -376023.6733
654 -376023.6854
655 -376023.6655
656 -376023.6203
657 -376023.6205
658 -376023.6977
659 -376023.6645
660 -376023.6879
661 -376023.6564
662 -376023.6483
663 -376023.7050
664 -376023.6538
665 -376023.7485
666 -376023.7174
667 -376023.7165
668 -376023.6071
669 -376023.6492
670 -376023.6978
671 -376023.7008
672 -376023.6916
673 -376023.6375
674 -376023.6761
675 -376023.7121
676 -376023.6836
677 -376023.6592
678 -376023.6739
679 -376023.6433
680 -376023.6784
681 -376023.6409
682 -376023.6548
683 -376023.6548
684 -376023.7074
685 -376023.7351
686 -376023.6646
687 -376023.6424
688 -376023.6706
689 -376023.6779
690 -376023.6615
691 -376023.6509
692 -376023.6413
693 -376023.6824
694 -376023.6449
695 -376023.6413
696 -376023.7409
697 -376023.7508
698 -376023.7120
699 -376023.6809
700 -376023.6716
701 -376023.7151
702 -376023.6696
703 -376023.6962
704 -376023.6956
705 -376023.5948
706 -376023.6689
707 -376023.6629
708 -376023.7667
709 -376023.5766
710 -376023.7350
711 -376023.7010
712 -376023.8220
713 -376023.7353
714 -376023.6669
715 -376023.7496
716 -376023.6460
717 -376023.6744
718 -376023.6495
719 -376023.7809
720 -376023.6987
721 -376023.6732
722 -376023.7580
723 -376023.7618
724 -376023.6495
725 -376023.6167
726 -376023.6494
727 -376023.6637
728 -376023.6848
729 -376023.7077
730 -376023.6748
731 -376023.6633
732 -376023.6760
733 -376023.6252
734 -376023.6916
735 -376023.6753
736 -376023.6162
737 -376023.7110
738 -376023.6096
739 -376023.6170
740 -376023.7321
741 -376023.6569
742 -376023.6850
743 -376023.6751
744 -376023.6999
745 -376023.6829
746 -376023.6690
747 -376023.6981
748 -376023.6241
749 -376023.6127
750 -376023.6538
751 -376023.6951
752 -376023.7330
753 -376023.6089
754 -376023.7136
755 -376023.6586
756 -376023.6612
757 -376023.7094
758 -376023.6031
759 -376023.6773
760 -376023.6486
761 -376023.7234
762 -376023.6622
763 -376023.5750
764 -376023.6582
765 -376023.5472
766 -376023.6605
767 -376023.6646
768 -376023.5686
769 -376023.6788
770 -376023.6752
771 -376023.6352
772 -376023.6579
773 -376023.7050
774 -376023.6600
775 -376023.6801
776 -376023.6489
777 -376023.6234
778 -376023.6982
779 -376023.6154
780 -376023.6281
781 -376023.6237
782 -376023.6615
783 -376023.6760
784 -376023.5607
785 -376023.6641
786 -376023.6566
787 -376023.7024
788 -376023.6451
789 -376023.6327
790 -376023.6414
791 -376023.6840
792 -376023.6039
793 -376023.6436
794 -376023.6207
795 -376023.6655
796 -376023.6193
797 -376023.7092
798 -376023.6725
799 -376023.6371
800 -376023.6830
801 -376023.6643
802 -376023.6511
803 -376023.6963
804 -376023.6058
805 -376023.6728
806 -376023.7374
807 -376023.6346
808 -376023.6301
809 -376023.6684
810 -376023.6667
811 -376023.6154
812 -376023.6749
813 -376023.6606
814 -376023.6697
815 -376023.6096
816 -376023.5619
817 -376023.5944
818 -376023.5407
819 -376023.6704
820 -376023.5421
821 -376023.6002
822 -376023.6807
823 -376023.7330
824 -376023.6549
825 -376023.6356
826 -376023.6877
827 -376023.6773
828 -376023.5886
829 -376023.6499
830 -376023.6112
831 -376023.6970
832 -376023.5559
833 -376023.6263
834 -376023.6035
835 -376023.6115
836 -376023.6645
837 -376023.6330
838 -376023.7512
839 -376023.6435
840 -376023.6552
841 -376023.7274
842 -376023.6738
843 -376023.6888
844 -376023.6760
845 -376023.6124
846 -376023.5996
847 -376023.6157
848 -376023.6944
849 -376023.7669
850 -376023.6427
851 -376023.6520
852 -376023.6445
853 -376023.6924
854 -376023.6915
855 -376023.5478
856 -376023.6796
857 -376023.6873
858 -376023.6996
859 -376023.7825
860 -376023.6788
861 -376023.6538
862 -376023.6996
863 -376023.6657
864 -376023.6165
865 -376023.6322
866 -376023.6802
867 -376023.6537
868 -376023.6612
869 -376023.6251
870 -376023.6885
871 -376023.6631
872 -376023.5926
873 -376023.6416
874 -376023.7540
875 -376023.7209
876 -376023.6716
877 -376023.6961
878 -376023.7766
879 -376023.7053
880 -376023.7226
881 -376023.6826
882 -376023.6816
883 -376023.7122
884 -376023.7206
885 -376023.6635
886 -376023.6469
887 -376023.7026
888 -376023.7330
889 -376023.7131
890 -376023.7412
891 -376023.7415
892 -376023.7651
893 -376023.6697
894 -376023.6388
895 -376023.6481
896 -376023.7096
897 -376023.6828
898 -376023.6619
899 -376023.6471
900 -376023.6407
901 -376023.6518
902 -376023.6298
903 -376023.6065
904 -376023.6077
905 -376023.6381
906 -376023.5966
907 -376023.7365
908 -376023.7105
909 -376023.7132
910 -376023.6645
911 -376023.6578
912 -376023.6889
913 -376023.6414
914 -376023.7098
915 -376023.6970
916 -376023.6744
917 -376023.7084
918 -376023.6878
919 -376023.6457
920 -376023.7223
921 -376023.7373
922 -376023.7637
923 -376023.7301
924 -376023.6907
925 -376023.7255
926 -376023.6856
927 -376023.7120
928 -376023.7200
929 -376023.7027
930 -376023.6313
931 -376023.6818
932 -376023.7242
933 -376023.7047
934 -376023.6272
935 -376023.7373
936 -376023.6626
937 -376023.6145
938 -376023.7751
939 -376023.6653
940 -376023.6660
941 -376023.6552
942 -376023.7063
943 -376023.6565
944 -376023.6840
945 -376023.7322
946 -376023.6301
947 -376023.6290
948 -376023.6663
949 -376023.6437
950 -376023.7354
951 -376023.7188
952 -376023.6406
953 -376023.6512
954 -376023.7260
955 -376023.7300
956 -376023.7264
957 -376023.6987
958 -376023.6748
959 -376023.7796
960 -376023.6475
961 -376023.6916
962 -376023.6509
963 -376023.6568
964 -376023.6972
965 -376023.7261
966 -376023.6630
967 -376023.6802
968 -376023.7702
969 -376023.6952
970 -376023.7283
971 -376023.6470
972 -376023.7026
973 -376023.7192
974 -376023.7035
975 -376023.6867
976 -376023.6524
977 -376023.7461
978 -376023.6646
979 -376023.6837
980 -376023.6467
981 -376023.6551
982 -376023.6875
983 -376023.6642
984 -376023.6940
985 -376023.6238
986 -376023.6157
987 -376023.6677
988 -376023.6151
989 -376023.6696
990 -376023.6641
991 -376023.6846
992 -376023.6276
993 -376023.6905
994 -376023.6391
995 -376023.7153
996 -376023.6332
997 -376023.7030
998 -376023.7392
999 -376023.6902
1000 -376023.6749
