  0.20797133857513087       -8.4014309198605724E-002  0.15423753860298009       0.27221260098157912     
  -4.9990694625284202E-003  0.13018922415689851      -0.20410298732163390       0.24214098004196108     
  -3.3662416372584450E-002  0.20238359858263208        7.6694640334519421E-002  0.21903047072802104     
   2.2215166543543861E-002  0.16179224965456593       -4.8710034480199706E-002  0.17041981437586717     
  -8.6894452427406718E-002  0.13708707841923423      -0.20003934884011865       0.25760289986053886     
  0.23782012323711410       0.18914818442807013       -6.3175424839532392E-003  0.30393314730708121     
  -7.7289541098656850E-002   7.3379976116902931E-002 -0.12107802510551080       0.16130152578822346     
 -0.10259124136357956       0.17519077098946118      -0.13980219532144372       0.24649832222775303     
 -0.18812645982896356       -7.3576379989675672E-002   9.8071419199057444E-002  0.22455077787413930     
  -8.8078755695453981E-002  -1.4720846853656593E-002   8.3241271045641912E-002  0.12208062803836774     
 -0.12210346909303382       0.12250678034626347       0.14374587507418429       0.22490007780390853     
  0.17595999779711241        5.3162890460270156E-003 -0.13187312074465946       0.21995614046649448     
  -9.1262321492568896E-002 -0.11043945023067728       0.10737091335449292       0.17903685800986699     
  -1.9784483933436774E-002   8.4035382820999316E-002 -0.13586382018744869       0.16097313131796784     
 -0.11455818452431417       -2.1527700242827397E-002 -0.19861293889239987       0.23029137850715994     
  -5.0697207737683082E-002  -4.5367086948970431E-003 -0.10491884555504706       0.11661369023739866     
   7.0856277143351104E-002 -0.11736990871323137       0.15879434762795747       0.20979025792575842     
   2.3399983555316500E-002  0.16481906637924593        8.5216395756226894E-003  0.16668983836326728     
   7.9648179993425175E-002  -2.4376272449097222E-004 -0.11220761852810282       0.13760247691186067     
 -0.32723190575437244       0.12743113570506290       -3.0562073120736527E-002  0.35249603516090489     
  0.15749688628109165        1.1562835428581299E-002  0.22947404789296860       0.27856293186239267     
  0.19901761270592483       0.21838049258781009        6.8015834072688894E-002  0.30319004501247004     
  -1.7142539576051395E-003 -0.10486721896365064       0.16804947136715365       0.19809264778527549     
  0.14194444378858179       0.25201607552236116       -4.8477185880616447E-002  0.29327523760973434     
   3.8342112963949196E-002  0.13856076372231363      -0.17716130002849570       0.22815636983796383     
 -0.21104171291988361       0.14794562774255629        9.5849370090559834E-003  0.25791158248082846     
 -0.12849895004436623       0.19701224657326669       0.16742683971562783       0.28871707971561483     
  0.13854759570899247        4.9020535004253178E-002 -0.17684584963746294       0.22994108737422678     
  0.23353385888419204       -6.4127696717706059E-002  -5.0935571732745079E-002  0.24747698317096364     
  -2.1707407561925580E-002 -0.20995834300530503        2.5475923043649876E-003  0.21109288848073995     
  -9.7436590799536552E-002 -0.15302512706230725      -0.22058416181695958       0.28560103498335265     
   6.7825558610840581E-002 -0.13008726385033201       0.12339599510932105       0.19170178461860507     
  0.14873950630468680        3.1418858755958942E-002  -4.0643562504832642E-002  0.15736100086861768     
  0.26673441088655675        2.0233328376802237E-002   9.6708316190915314E-002  0.28444530572446441     
   7.4856383607748746E-003   4.9707882710292764E-002  -8.0326161798907392E-002   9.4758644220739971E-002
   5.0225050096111314E-002  0.13100123378198250       -8.5014308204414777E-003  0.14055658375029353     
  0.15083533310264324       -4.3924614396758731E-002  -8.7448654599859524E-002  0.17979971260659686     
  0.22220351119653006       -2.2699189373811580E-003 -0.13355113406782232       0.25925944212477620     
   2.7979511167640286E-002 -0.12278799256629058      -0.15181848817773441       0.19725262359779255     
   9.1432690330825142E-002  0.16242251470774263       -1.6987901119192610E-002  0.18716195908772407     
  -5.2365342994699846E-003  -7.8552811814844054E-002 -0.17426234446523492       0.19122063234391842     
  -9.9468840784106421E-003   8.2214928461872616E-002  0.19489616131019810       0.21176106501977868     
  -7.6902054089444144E-002  -3.1030601861371424E-002  0.12233874973499219       0.14779578431665699     
   5.1569315708549800E-002  0.10678381748006838       0.19903787620548435       0.23168567966677259     
  0.12158554603452175        1.4696470962383655E-003  -3.8875222318400973E-002  0.12765769768175120     
   1.1955691117849747E-002  -2.3526989480343066E-002  0.15675318942553185       0.15895917771299106     
  0.17036536979155475       0.12508503685899475       -7.4502731186138361E-003  0.21148553671533002     
  -5.4940380442635404E-003 -0.18456828422727761       -8.6881596285332888E-002  0.20406873295466044     
  -7.8757685168990052E-002 -0.17419001170842699       0.10247257009843802       0.21689988652541747     
 -0.13050769170192250       -1.3918675016428730E-002  0.22495035339802241       0.26043933766132987     
  -7.7890442967135293E-002  0.23045173977585226        1.0197515934787686E-002  0.24347261612463511     
  -2.6956487673673153E-002 -0.14694356932541677       0.18791323083019468       0.24006342310905360     
  -7.3349642064936105E-002 -0.18532682092282821        8.5915151888687549E-002  0.21704288486027948     
  -2.1490382173877092E-002 -0.20854774029102177       0.13559401656051795       0.24967926192113910     
  -9.3857762528879451E-002  0.15430877910601637       0.10480377438633866       0.20881645055344528     
  0.17475506649813644        2.8781860017530990E-002  -5.4554891733381294E-002  0.18532124795845131     
  -7.7447103951569257E-002   6.0134529113705953E-002  -7.5952680863015723E-002  0.12402832431542175     
 -0.19016002235570034       0.16698473953468271       -2.9803796166912092E-002  0.25481955106652454     
  0.10403274850817043      -0.12967522653330282       0.22627920253049336       0.28078595875945023     
  -9.1370501753549410E-002  0.16615766156709058        9.9057697098112907E-002  0.21393775833760778     
  0.14513132184733563      -0.21403999365094220       -8.2060175574644404E-003  0.25873453226696225     
   7.0727004937986282E-002 -0.21841268115550494       -4.1401382858168405E-003  0.22961609103470923     
  -2.4309157044656200E-003   2.1054615984179660E-002 -0.21581380227219521       0.21685203124846597     
 -0.19698597859622780       0.14894380287429987      -0.11531049690866685       0.27255135823454535     
 -0.23174970892603972        7.8089667079677919E-002   5.4007437358475900E-002  0.25044505781098730     
  0.11721946249325606       -4.3457093475639676E-002  -7.1328249053803860E-002  0.14393276372542779     
  0.21483300764823324       -4.6932045071600453E-002   8.2215191774220958E-002  0.23476621517641866     
 -0.30505752998276914      -0.11512227128556482       -1.6157145871368541E-002  0.32645717530457796     
  -1.7999408139377084E-002   8.3796406720190814E-002 -0.25718957359370459       0.27109462045178084     
 -0.25031103872975724       -3.6674310198478013E-002  -9.7323478221848322E-002  0.27105807597580045     
  -4.8032108431439804E-002 -0.21084856019677858       -5.7667760550494794E-002  0.22380743817919313     
  0.11458718312166387       -7.6883393026541610E-002 -0.10264749453539902       0.17198193740456050     
 -0.10037310920662736       -4.0625326582629462E-002   6.1388695480066813E-002  0.12447389342546980     
  0.24359526700758349       0.12430412909070324       -4.1639467621534906E-002  0.27662974511302824     
 -0.12392334183474413       0.21565285295632633       0.10104317115171671       0.26846390833050326     
  0.13967266299585818       0.12538377604622414       -8.6434221772565559E-002  0.20664079649815839     
 -0.12121545992720247        7.6535987380963483E-002  0.22960633591197652       0.27068434491241938     
   7.3317169243332050E-002 -0.24896005590689255       -6.0226303496257586E-002  0.26642770947452477     
  0.17513050971230795      -0.20101934468111204        7.5886815773416272E-002  0.27719718825476014     
   1.3591663527256239E-002   2.2086206533911273E-003 -0.17159394902599240       0.17214556243180829     
 -0.28036159798710597        3.1579768477275567E-002  0.10686807234968829       0.30169635776836973     
  0.16367229171247075        3.9458996907039846E-004 -0.14701633756148358       0.22000585966207331     
  -2.7204157811307948E-002  0.17064902897532075       0.18731383862124890       0.25484825177244141     
  0.25314524328582233       -2.3001486648260926E-002  0.15262128140680745       0.29648750078970310     
  0.20953409601825079       0.19662316311692221        7.3975938871143190E-002  0.29671138367133215     
   8.4499769897755539E-002   5.0155294077335849E-002  0.16292916827536447       0.19026738688398415     
 -0.14147747293046883       -5.0747797499626941E-003  0.19586571371287051       0.24167127786428061     
  -3.4256557344283095E-002   1.1516449561072013E-002  0.16664351280715156       0.17051744981755432     
  -4.2068808710733527E-002 -0.11583445705305660       -5.0375663828868086E-002  0.13313569624002358     
  -8.4013040520393004E-002 -0.18767923231442868       -1.2692645426547883E-002  0.20601647620406130     
  0.13908951509638795        5.3052559630719615E-002 -0.16747021960137931       0.22406860946248944     
  0.11757330605040493      -0.18840522603567364      -0.17236905499346417       0.28112471007102052     
 -0.15893323305365042        6.0492590379945158E-002  0.14973144653297660       0.22658029954216988     
  0.12537343951884938        3.1898713757030447E-002   8.1829013454953026E-002  0.15307519302339762     
  0.14763244627351399        5.3903209680470965E-002   6.3222820915865952E-002  0.16940490043419190     
  -8.9509263444917539E-002  0.14625512588582593       -5.5857738870042445E-002  0.18034011501051089     
  -4.8586333997160593E-002  0.11666630627523727        9.6909535420625387E-002  0.15925801997586359     
 -0.12580738490800164        3.8492038344962884E-002   6.3777966670805680E-002  0.14620794829968228     
 -0.12747565459667717      -0.15714364181703430       0.17728206782358805       0.26902248651400684     
  -5.9682501381066518E-002  -7.7997247342092596E-002  -5.4943757304839747E-002  0.11253616321350976     
 -0.16918788291970407      -0.12077821682084611        5.5849926995029331E-002  0.21524667646824402     
 -0.13023914524416283        3.6454134608323682E-002  0.10848003904135142       0.17337548198746286     
 -0.13296593432038598        1.6120759829763198E-003  -3.9716155197827410E-002  0.13878008308963502     
 -0.11662813255608785      -0.13423646156025515       0.15648706676699761       0.23687496908934264     
  -9.1529903113294481E-002  -7.5627695482419169E-002  0.11900936680086899       0.16810859845425630     
  0.21386306816177819       0.12390018460640337        4.6076235760547687E-002  0.25141934525992982     
 -0.10769370443054882       -4.4883241005249236E-002  0.25013133324707937       0.27600384629398045     
  0.18408109363335473       0.12052825123785774        3.6347639668859254E-002  0.22301134340926537     
  -7.7430413126663003E-002  -9.9600178350330096E-002 -0.16051513190550432       0.20415869311646936     
  0.18141859815705927        5.5361045255811633E-002  -1.9692195962186333E-002  0.19069697341830499     
   3.5929163116107665E-003   1.0622302741376101E-002  0.25773000729928186       0.25797383399414675     
 -0.11778657962993121        7.4062625257748649E-002 -0.18601132421424973       0.23229111807584585     
 -0.13239039303584893      -0.16152635172620225       -7.1725384050961433E-002  0.22082234757248023     
   1.2889186359365604E-003  -5.9030405773864182E-004 -0.20403750939136939       0.20404243433355668     
  -8.5775804579221279E-002  0.17587482015455161        7.0523358246910334E-002  0.20799756025980373     
  0.18196228250967003        5.2188068628705390E-002  0.15587244657434396       0.24521436818505382     
 -0.10466377896692186      -0.15477764690602569       0.13180136871458761       0.22865307215176819     
  -8.9744938233295199E-002  -5.3264947190761976E-002  0.13646902882862824       0.17179960525903892     
   4.5543018000525397E-002  0.16268501949597675       0.11473598007768601       0.20421784246580824     
 -0.18644959880448575       -1.6159188158562602E-002   4.9332884997111748E-002  0.19354148340455538     
  0.11899497035790157        5.5278655417220206E-002 -0.10142321132733140       0.16583787417584128     
  -6.3437029495457542E-002   6.8630377912260038E-002  0.13194176340561298       0.16168801567886820     
   5.7196642300749528E-002   1.7634457265264671E-002 -0.18993292103041343       0.19914051437280564     
   6.0386210797906001E-002   7.2430942967862497E-002  0.23251388163675529       0.25090922882097011     
  -8.4676939261428719E-002  0.12017235571108861      -0.18405965655825726       0.23556217075791205     
 -0.20811203610279100       -3.1162118806593489E-002 -0.17899254498317382       0.27626079775986878     
  0.13513477593387432      -0.20585688586140652       0.14075713145673036       0.28363891689819620     
   1.8731971263039007E-002  0.19489620186586457       -4.0142076114106168E-002  0.19986696206199223     
   7.5506633903126771E-002   9.7245709166878438E-003   7.3827395783854985E-002  0.10604858985917952     
   3.5083367081039721E-002  0.26189696021452996      -0.10157712248766800       0.28308792314090120     
   1.7983068996661428E-002   7.5431243521616023E-002 -0.23708229903369724       0.24944193670042628     
  -2.8789913370685406E-002  0.17148046678534370       -8.9115628858837198E-002  0.19538680842809464     
  -6.4342349742786770E-002 -0.18622974835317155       -5.1534240238979040E-002  0.20365960586016438     
  -6.9421890611180981E-002  0.24973147488977482        1.7741043242643233E-002  0.25980753080307417     
  -3.4832738696989524E-002   4.9541634547941643E-003  0.13710551127686826       0.14154781751465129     
   7.0269757142321981E-003  -7.5597580600962055E-002 -0.27682144138349762       0.28704439201984872     
   1.9795744202247344E-002 -0.14756472942082066      -0.17170935219290345       0.22726927308386274     
  0.18177063751749131       -9.2036146966047144E-002   3.3916372072151452E-002  0.20654669522025199     
  -2.2824593296095538E-002   8.4153971180237971E-002 -0.12789205954722302       0.15478769918752244     
  -3.8464498075957906E-002   6.4968217147860663E-002 -0.13576250298958886       0.15534427594734565     
   8.7631496249554477E-002 -0.12864355673881689       0.13482650422331854       0.20592870141490577     
   3.3918252014934404E-002 -0.16605210690178948      -0.15552757212990234       0.23002733689475668     
  0.22817539033773471       -9.0634513582227044E-002 -0.13019104899037023       0.27789986154238627     
 -0.19831800612618328       -6.1489269148126607E-002  0.12608695503621675       0.24291743865877677     
 -0.15821958504660960       -8.1381760732126079E-002  0.14341002008934703       0.22852321968283501     
   4.3293470290723030E-002  -4.5024323647968663E-002  0.13523012700755097       0.14895872428377302     
  -1.9449821917614143E-002  0.15150080531296695        5.8967293762358375E-002  0.16373127775950655     
 -0.10547864061139278        6.2332920725856559E-003   8.6991928963138163E-002  0.13686560291036309     
  0.13456167656366602      -0.10635533589062240       0.15276987610060172       0.22968878360909351     
  0.25687690916997641       -1.4488633162051748E-003  -9.8886978416423452E-002  0.27525711647468726     
 -0.15808161971874321      -0.16689813271457388       0.13450374263580309       0.26633820976260841     
 -0.10117524150655910       -9.1259025480140227E-002  -7.0700576542806801E-002  0.15350312944360686     
  0.26992489031375000        3.2570184060004101E-002   6.6160738563427399E-002  0.27981691626463667     
 -0.19599601231343830        5.2224649547337215E-002  -2.0941436118781478E-002  0.20391271321285648     
  -2.8738300337736892E-002 -0.13391686332664010      -0.22458364543773493       0.26305404385344505     
 -0.13170443680002372        5.5822233683156135E-002  -7.7937883035193584E-002  0.16290025800530780     
  0.12440961557381156      -0.14729270216575635       0.10822599727593939       0.22110124161769290     
  0.12771931049526467      -0.14134145678114363       -2.7557579499532907E-002  0.19248129744542661     
 -0.12630068101443107       -4.0086043313703044E-002  0.13011435749361383       0.18571079376071031     
  -7.8804661659134925E-002  -6.9396752704848838E-002  0.21967838808252382       0.24348445160979915     
  0.13161628542051051      -0.21143896985157640        5.9644903735474430E-002  0.25609919777578988     
  0.10673647149291809      -0.19698829605502008       -6.1856733515715766E-004  0.22404786487482284     
  -3.7889193920139674E-002  -8.4383632524789531E-002  0.16092810618841322       0.18561800509483412     
 -0.17085692322523352        8.3383067421533036E-002 -0.16787177697368327       0.25362523070648813     
  0.19033438231962455        7.4834332708654319E-002 -0.10270832481961122       0.22885880894602537     
  -1.6912867567490466E-002  0.13041672788760922       -9.0125594310055346E-002  0.15942769756854314     
   7.2350174682437249E-002  0.14937103397484688      -0.12551520781468117       0.20808729168321802     
 -0.10986714423143899       -6.6885730447376848E-002 -0.18602616747410430       0.22616415565724485     
   7.2864990958100118E-002  -6.6514404910184524E-002 -0.20424503017642723       0.22682483400115089     
  0.11872367307074531       -4.5064709435581773E-002  0.20609946827442774       0.24208083238233563     
  -2.7870042739151987E-002 -0.14995543581167625       -5.5622898937730210E-002  0.16234924976109025     
  0.20814073455483229        9.0385722030792690E-002  -8.2962361182355976E-002  0.24160897644956109     
 -0.11977206864394542      -0.12714055996709311        5.9602801990825210E-002  0.18456046277887767     
 -0.11114745606919306      -0.10965877358338484      -0.13191422637900846       0.20440197341424460     
  0.15616993053186118        4.8845864371083791E-002  -4.6199081912894395E-002  0.17002741201958874     
  0.11396269447595860       0.11164852041096381       -3.3977436664302731E-002  0.16311760801475353     
   8.7457136179414863E-002  0.11969083484505542       0.11290520402557860       0.18633902358515400     
 -0.16762243327180290       -7.2860822293310507E-002  0.13712949614067441       0.22849612310280590     
  -3.0894380680349515E-002  0.25849823097756280        6.2036636844540284E-002  0.26762724541259464     
 -0.24230768380660067       0.15463232826650189        4.1013800130866723E-002  0.29035547588777011     
  0.18206545621557074       0.13107795821385254      -0.15502893939194320       0.27269622939360050     
  0.14750337476626491       0.11251734971270827       -5.5820305049587432E-003  0.18560322900846143     
 -0.19487857949752740       -9.1047749567319120E-002  0.17233182575936387       0.27561859809853745     
  -1.9890590842034584E-002  0.10660496860043071        8.4455811239016007E-002  0.13745195155538661     
 -0.12325353134782102       -7.6071875863412755E-002  0.21716165383112257       0.26103169765711420     
  0.16763737881861113       0.10384340210697329       -2.3775976528912283E-002  0.19862285870017193     
   7.2674276726217790E-002  0.15126578065126470       0.16420380901618808       0.23478879400248254     
   7.3417939720204273E-002  0.21136001624933357       -2.1102562016645413E-002  0.22474111431899696     
 -0.16095106458437797      -0.11348659185972312       -2.2051789509200656E-002  0.19816844638674969     
  0.11407063429790179        9.0180008908445214E-003  -7.0127733712997159E-002  0.13420630754518939     
  0.12338581085270942      -0.19959740692367997        6.0705927718669353E-002  0.24238067751085682     
  -7.2359344752421340E-002  -2.8421740895248376E-002 -0.12650609093798307       0.14848387512765701     
  -2.8394593286156178E-002 -0.11029075829028315        9.0756072555356809E-002  0.14562612745591044     
  0.17712278622804800      -0.11967972647878135       -3.8266343946160089E-003  0.21379981632829523     
  -1.8621667974555618E-002 -0.14352724990636348        2.0137231795197122E-002  0.14612441989007793     
  0.16167643992746142       0.10693604822507524        1.7777255170870719E-003  0.19384981285940867     
 -0.12389104151211498      -0.14722869337027927       -1.6307580211165639E-002  0.19310933558691540     
  -4.0337025112794488E-002 -0.26098431126263161       -4.6124372375314134E-003  0.26412338195898249     
 -0.18609108312786460       0.18717968279788455       -1.4754104282919522E-002  0.26435545855005482     
  0.13048227603900822       0.11351694353144180      -0.17103283822955656       0.24323641294407000     
  -6.2236338217627460E-002  -3.8499300897022630E-002 -0.15453865534374231       0.17099050839081792     
   9.9581600964450290E-002  0.14318915918632266       -7.5268255973221246E-002  0.18996036669889699     
  -8.5613213188027157E-002   8.8956545709041615E-002 -0.17319477892758925       0.21269537076448070     
 -0.32656768546985843        7.0615244186388593E-002  -2.0200816665852796E-002  0.33472531858019205     
  0.10956412827793037      -0.13329949699778115       0.13774342063098380       0.22078565178083559     
 -0.15049713913911691       -8.2158634842705497E-002  -8.2660202050217776E-002  0.19034741703332506     
  -2.9623760549590733E-002 -0.17096940541672107       -2.2532570251682822E-003  0.17353150130413814     
  0.19264350291243879       0.13635045603977003        1.2104719176403874E-002  0.23632496758270732     
   4.6549264121757902E-003   9.2142342720577877E-002  0.19700367678888325       0.21753695853872276     
  -1.0329878439911334E-002  -9.0942584054435754E-003  0.17540010847944298       0.17593922240117094     
 -0.16005612369655775        3.4458781977792570E-002  -4.0031389551956086E-002  0.16854638096862626     
 -0.11161234301674368        8.6581995153704377E-002  0.17669840505190668       0.22622131496914921     
 -0.16955033481167897        8.7818332258923576E-002  -7.1806555207771725E-002  0.20399891393411365     
  0.14438847355234560       0.10137496439978802        6.7206519881844992E-002  0.18878991238004089     
   4.1066570879209799E-002  0.17655973225280475       -9.8984488955035047E-002  0.20653748170888672     
  0.19211823981053827        5.9517147100529896E-002  0.15131181344803801       0.25168824715472804     
 -0.20530455675793066       -2.4570754065173644E-003  -2.8496716720980593E-002  0.20728738772293770     
   2.4870152116222261E-002  0.21561010691784793       -4.4822773887137846E-002  0.22161977287766391     
  0.14558624074040427       -9.8647382662740923E-002 -0.13697664240725654       0.22291087942112114     
 -0.24568852035677891       -2.2478633473708813E-002   7.8527249473981361E-002  0.25891053842572265     
 -0.11500488984670991       -9.1844806638084850E-002  0.14932202345992587       0.20966320584501164     
  -2.0863977030321675E-002  -9.9954970173373014E-002 -0.13484419862529323       0.16914271933127720     
  -3.2821598621747897E-004 -0.14543391149122148       -4.9154820742341419E-002  0.15351653572036392     
   8.7297064156348400E-002  -3.4826409816750739E-002  0.12620430678018593       0.15735686601133478     
 -0.11315943594834979      -0.16210902525446355       -9.1746698508951396E-002  0.21794919293356746     
  -1.7149688029303844E-003  0.23286657118488821       -9.7776702533331677E-002  0.25256695083025660     
  0.17386741550184956       0.19082397403769055       -9.2028197277692972E-003  0.25831832906662239     
   9.3861488381000169E-002  0.27302269507115262        4.2342763681340420E-002  0.29179492912178251     
  0.18964338074302944      -0.17037598577576291        3.7677211208054125E-002  0.25770556965871910     
 -0.12034268892774115       -1.1807201737521599E-002  0.10843086159938048       0.16241620774545135     
  -5.3533843419610434E-002 -0.16011335028737228       0.15925023709875569       0.23208359560195557     
  0.15466676654439024        8.1040783718622555E-002  -3.1427643726455887E-002  0.17741790802853727     
  0.11988951838323164       0.13697957879478290      -0.13554026699135768       0.22695388430482502     
 -0.14831114538021289       0.18394884251743487       -5.6144470223481457E-002  0.24286945885427855     
   1.1233874110174017E-002  -1.1743200518771021E-002 -0.25315287682565218       0.25367396738934628     
  -2.6887810093449194E-002 -0.22705903237970598       -6.5871328554490835E-002  0.23794493153325086     
 -0.14854399640825205      -0.19477497528535442        6.7179505275727511E-002  0.25399940117141367     
  0.10316146577152445       -8.2789442487762072E-002   8.5441279885067986E-002  0.15746933706586305     
  0.12247908024714030        4.3981760286425878E-002 -0.18415198931926821       0.22549384804539996     
  0.15445808570905170       -4.0628788910740139E-003 -0.19998749278679495       0.25272278191120140     
  -5.3591129179174461E-003  0.15602055528781872       0.21180917243363442       0.26312403784262539     
   1.0012884320078675E-002 -0.10417168046166415       0.11969572287938195       0.15899390849410597     
  0.25748634905572199       -1.2889280525833421E-003  -1.5928970339518796E-002  0.25798180823780403     
   8.4362980039307214E-002  -5.0743779619001214E-002  0.23271051875939788       0.25267811363947290     
  -5.3008144903488687E-002  0.25326203946007658      -0.11131829368070807       0.28167940387179718     
   9.7761152764893916E-002  -7.1636890943473225E-002 -0.16361479831827985       0.20361456078262033     
 -0.16835200797688452      -0.14753016526838689       0.10327224958361519       0.24652120758268861     
  0.12257437836923518      -0.10899200994215358       -8.9189600958961918E-002  0.18670436894474055     
 -0.19183466885584780        5.2475379924297703E-002  0.23530921875549904       0.30809841626427664     
  -9.8481844623449069E-002  0.12475970084453683       -3.8904644641262975E-002  0.16363748974461334     
 -0.17797472325290548      -0.11101707828905226      -0.15643064814041227       0.26166838071577414     
   5.2449981495843304E-002   7.8685333942501726E-002  0.12708536675458984       0.15840793155554403     
  0.20579627442185880        5.7079384810641932E-002  -4.9911339819495498E-002  0.21932009615823059     
  -1.3091946036098211E-002 -0.21892827592569836       -8.1085262220749688E-002  0.23382858850067620     
  0.12878452731287729       0.20583505840309943        3.6898644400021122E-002  0.24559119630305928     
  0.19078163489031505       -1.3857129459424234E-002 -0.18172162044416768       0.26384161837195219     
 -0.11109892868374527       -1.6302854403762747E-002 -0.12703491240125683       0.16954829396128174     
  0.14031886213715550       0.18214497380126615      -0.11591658481546976       0.25749335756056307     
  -7.7929396583352212E-002 -0.17462742270947731        6.0155780604093143E-002  0.20046557199201973     
 -0.12990882247514002       -6.9498213980835000E-002  -4.1670653206189942E-002  0.15311024538558457     
  -5.8230311044097698E-002   5.9644859117656823E-002  0.17363735641939987       0.19260895588672713     
 -0.11761868054645674      -0.15597508332682972       0.13594721732123413       0.23800005573463168     
 -0.20765521425466457        4.7540467628268010E-002   2.9572488861527059E-004  0.21302786560136866     
  -4.4315344434965244E-002 -0.15124941572388678       0.25104734126512662       0.29642031486639997     
  -6.8778895301806073E-002  0.24712558565536041        4.8736866633803333E-002  0.26110701578801521     
  -4.6270316698152469E-003  -4.2598900906291849E-002 -0.14633997305011007       0.15248430572621066     
  0.18425681136436348       -4.2919129667440832E-002  -1.8922844866637971E-002  0.19013336972614794     
  -6.8513060200323342E-002  0.14425486802818802        2.3558781588088537E-002  0.16142652371205402     
   1.5144218740072209E-003  -9.0287638344900403E-002  0.10687353263815283       0.13991462786310199     
 -0.14710620980988398      -0.10268900577779100       -8.3195859284730958E-002  0.19775444337456882     
  0.15398650039891573       -9.4650264061048907E-003  0.12850228432403576       0.20078412812388549     
  -4.3457285632340074E-002   4.6629340455244216E-002 -0.10477556483696443       0.12264073569873431     
 -0.10508122350677594       0.12458278068419547       -3.1315611169052918E-002  0.16596264724201848     
   5.3704612418266587E-002   5.3358569065150338E-002  -4.1645082749065991E-003   7.5819953949131477E-002
  0.12018837802089224       0.10235953143762336      -0.15229785058798875       0.21935668483350135     
 -0.12140610984906312        2.3549432857058863E-002  0.15973000039916274       0.20200913920931504     
   1.3459763607456359E-002  -3.7998541031906904E-002 -0.25578540312682885       0.25894251641952593     
  0.16308758861329056        2.4379655077488564E-002   1.6011421278378069E-002  0.16567526898348139     
  0.21335233380771298        1.0380780545626418E-002   4.1396374684261425E-002  0.21757904031163941     
   6.2841426351802870E-002   9.0248997377011878E-002  0.22485921633322795       0.25031099369280280     
   6.1667178969843632E-002 -0.17481758225809110      -0.13190413350551031       0.22751423793798634     
  0.10500304631371100       -5.0250631578435220E-002   3.8485071907919985E-002  0.12260451243306153     
  -6.1954004732336122E-002  0.10246069981379149      -0.12467691425887330       0.17286071461677074     
   8.7330083633622643E-002 -0.16391949972779279       -1.9437143810451168E-002  0.18674567855233906     
 -0.13844944351932129       0.15525246722447331       -6.5529866807398892E-003  0.20812140357141032     
  -5.9640393587187014E-002  0.15448096581468723      -0.12822927641513129       0.20943756271552935     
 -0.15754102977055789       0.13436957517829046      -0.17633372306072892       0.27197047759494025     
 -0.13952097901803917      -0.19612468652478843      -0.25532297356726080       0.35088576072822736     
 -0.14031674589323909       -6.4961233779597366E-002 -0.13946301889963617       0.20822748308721306     
 -0.19601712371743035      -0.10278157400844026        5.3780515559021377E-003  0.22139486937290309     
  -3.4055547834291593E-002   4.9682952180344124E-002  0.18192923432321220       0.19164139004160435     
  -6.6719818150571333E-003 -0.19905448855503904       0.12779250929597127       0.23663924059084016     
 -0.16960844030584613      -0.11567255100616036       -5.4661438035642412E-002  0.21245007622351872     
  -1.9824466710691917E-002 -0.21990084236958587        2.3187697739154623E-002  0.22200689016708283     
 -0.17659839800840577        1.9394445032061711E-002  0.19133762268436599       0.26110002782792224     
  0.12518219707238223      -0.12223743988734573       -3.3609261638266968E-002  0.17816328645922169     
   8.1589714035630118E-002  -5.1371610947266805E-002 -0.13653540578315926       0.16714616621420070     
 -0.17842331586060214      -0.19485247466848574       -9.9817210513882551E-002  0.28242847243487657     
   3.5239484645112527E-002 -0.12662445110200465       0.28355907480949222       0.31254011230840800     
   9.4566464482481634E-003  0.12282562721217902       0.16544501177855692       0.20627073176900101     
 -0.16535302568049712       -1.9208915145804417E-003  0.11636784414375828       0.20220481714482461     
 -0.14964936945466162       -8.6975875365987762E-002  0.10514346805595057       0.20252132121998992     
  -2.7552771421241028E-002   4.8906711474041464E-002 -0.21490004240557939       0.22211044519814035     
  0.19627216742305162        1.4682183734816903E-002   7.9429747207444643E-003  0.19698076320184088     
 -0.25015063025730322      -0.10760366610706637       -5.6677669234257738E-002  0.27814788327009604     
   5.8633775526020122E-002  -4.8956296044653000E-002 -0.15419500168596642       0.17207770657404350     
  -9.6021978990827143E-003  -3.0586592734178498E-002  0.20871719811906295       0.21116488971950764     
  0.18650934354678017       0.18092755269221750       -4.0096725922899298E-002  0.26292253989185127     
 -0.18850082829505982       -5.6003570913682736E-002  -2.6140244479209006E-002  0.19837407745076052     
  0.11984962751215167       0.18801975592533629        2.5961968988306619E-002  0.22447580196264882     
   5.7149209819578606E-002 -0.17265657348322019       -2.9092686177860351E-002  0.18418118508417822     
   5.5451229200807341E-002  -8.5517489795484528E-002  0.13244544439476749       0.16712233729136486     
  -8.3662799972768750E-002 -0.17356322815767636      -0.15621288791053389       0.24804460207218007     
 -0.26879199674899651       -5.5048551921605023E-004   9.9804021536362086E-002  0.28672335667930865     
  -5.7746222308879575E-002   2.6067146734182440E-002 -0.17802219580767475       0.18896037820134154     
   9.3954800189970142E-002  0.12160010289500914        3.3347749232517890E-002  0.15724554646058794     
 -0.11177700481339864      -0.12225279640083020      -0.15712991979121035       0.22831919920687702     
  -4.1463103629470831E-002  -9.1383874453134756E-002  0.24125654499123950       0.26129470330216131     
  -8.1366316337769695E-002   6.5695496915479615E-002  0.15665949116986708       0.18835756401841541     
  -2.6264418657151074E-002 -0.21360855360811346       -4.9079996990867958E-002  0.22074256491798766     
  0.13215797831101345       0.14093285803781172        6.7414942448779935E-002  0.20462789685507840     
  -2.3579380632702922E-002 -0.15554336863803625       0.17311151109586043       0.23391734008444551     
  0.10161345852496902       -5.4138683641810147E-002 -0.10095801617271720       0.15313005273101760     
  0.15379127611912319       -2.7034420078694978E-002   6.1637565426961215E-002  0.16787437550472872     
   8.9935093631481083E-002  0.34812677921521495        1.3452620233963465E-002  0.35980765481632199     
  0.11602866355328788      -0.19262868566892938       -7.2140295206427757E-002  0.23616240916151710     
  0.24494978843683071       -2.2527429154694464E-002   7.0551544550169099E-002  0.25590116130643564     
  -5.0739459207233648E-002   4.2266307116950889E-002 -0.23940921386385852       0.24834996501078410     
  0.13852173352140340      -0.17622860611218991      -0.14968883917627496       0.26953949774376440     
  -9.8500867139971526E-002  0.16084790524845000      -0.20285857770803156       0.27699471475078030     
 -0.12194767627285459        6.9736414357568360E-002 -0.10213110084556293       0.17368121658868571     
   5.2619435461523263E-003  0.19849787812482195        3.6308827425226148E-002  0.20185991830706365     
 -0.16080547866462910        4.8343070244539169E-002 -0.13171392229192072       0.21341043023889686     
  0.12517441794554471       0.13373850652229186      -0.21815125646101396       0.28485890144128917     
  -5.1222497118917729E-002   5.2840499805272029E-002 -0.18189000650628931       0.19621375358936094     
 -0.10439607627189522       -7.6283465133600070E-002  0.16525842223912307       0.20982862987381112     
 -0.15859867353571869        6.2816166386874400E-002   1.5170609824897454E-002  0.17125874403747168     
 -0.15213499000023936       0.10356961346922480        5.2233410383727558E-002  0.19131139322280954     
  0.15382954834976242      -0.15368949649101085        5.9054556969869478E-003  0.21752899963945363     
 -0.20227619089085266        4.0023105688700308E-002  -3.9470295386406222E-002  0.20994144566562292     
   5.6367195475408194E-002   6.8600316163793841E-004  -8.1213583872314296E-002   9.8860394149963227E-002
  0.17441017349482590        2.9058397810245024E-002  -4.0799028289551943E-003  0.17686137144353328     
  0.16707894294040215      -0.17116605821008485       -5.3492088609187749E-002  0.24510119583762438     
 -0.14139711109985509       -7.0653090721590914E-002  0.10046893858619654       0.18729391307924304     
   2.5254917035579909E-002 -0.25510629419879638       0.11507075523325189       0.28099521505582231     
  0.18357493755681473       -9.9854975814011190E-002  -9.8055052048620500E-002  0.23083666763766728     
  -3.3023227538692919E-002   7.7357505533936902E-002 -0.14798959936891920       0.17022232151183514     
   1.8519812585355878E-002  0.11046378236149090       0.20709033903953722       0.23543924735547811     
 -0.12958246026366413       -6.3445119645464967E-002   3.0885188731496978E-002  0.14754928701214265     
 -0.15521890795297813      -0.11898160713049706       0.13147481381449785       0.23565898855979994     
 -0.20601403002280416       -2.2007588385948594E-002  0.16757409310566559       0.26647174558100617     
  0.18851403683580253        4.2365791401869746E-002  -8.3189411724678891E-002  0.21036368647733666     
  -8.6412016979583228E-002  0.15767760408775591      -0.12074879021518926       0.21658608876787694     
  0.10629655075145053        9.2854586495257060E-002  0.22996052924539032       0.26981989538520113     
  -3.3263501561441033E-002 -0.11038712326966010       0.19836611368972920       0.22943603156489106     
  0.12211968672620969       0.15706685608661658       0.11321132313512200       0.22891050402514634     
   8.2384664576928571E-002  0.20367308649310517       -5.3834975089883233E-002  0.22620381000772133     
 -0.21242835256078885      -0.10285411101421529        3.4764615493298741E-002  0.23856519363606299     
 -0.16046267107144344       -3.4206567524593577E-002 -0.12314452484401717       0.20514124906574882     
  0.25928707572415599       0.11528940770052443        4.4005648748569007E-002  0.28715489250107573     
  -9.3099960705844906E-003 -0.17551128608721350      -0.20197860498785378       0.26774287001461211     
  0.24229422434285261        1.1561138716646168E-002   1.0719213176286796E-002  0.24280661566244194     
  0.12655788459503739      -0.14635767025736773      -0.15515482281057913       0.24801307392497957     
  0.13582819902882484      -0.12984778672819175       0.21684198555440282       0.28693238588350367     
   6.7697386210290970E-003 -0.19156142841160634        6.2117471507567412E-002  0.20149488947014382     
 -0.15481496579771556       0.14776363697660780       -2.2568257450689907E-002  0.21520012149593037     
   5.9251371352784320E-002  -2.4683054386874972E-002  0.15683740862367171       0.16946371565866114     
   1.1364519557931000E-002 -0.17761775795829257        8.8659417503060306E-002  0.19884092274704207     
 -0.10880164120692870        9.9567848472297063E-002  -9.8109115158927035E-002  0.17713540599211430     
  0.14901369778793702        8.9318546440127947E-002   3.8061622674231924E-002  0.17785266932831659     
   2.7287255735059458E-002  0.14854486001733891       -3.9222649226265290E-002  0.15604033445057722     
   1.7147331463573771E-003  -9.5673483397968797E-003  0.24119148807437030       0.24138725812177272     
  -2.0432804199721967E-002 -0.19342831931943233       -2.0502907656905066E-002  0.19558216540521284     
  -1.6253363759729234E-002   7.1365667608858138E-002  0.10086515419356029       0.12462347161451889     
   4.8989468488497834E-002   7.3710559181645640E-003  0.19354615049496238       0.19978591757066577     
 -0.12762906260901410       0.13895137927174495       0.11015714295253452       0.21847484882118828     
  -2.0198095402843556E-002   9.7382252491451354E-002  -5.6707288663637168E-003   9.9616380801989410E-002
   5.3572775261962968E-002  -1.2869927849774233E-002   7.5800273839620153E-002   9.3708904626447265E-002
 -0.27580188882879364        3.3648652064460452E-002  -4.5049788266545258E-003  0.27788344409394738     
  0.13801687871285137      -0.14432017167340314       0.13144871087352644       0.23907265496453253     
  -5.6614181836901305E-002 -0.20818804526707699       -6.9836167446600400E-003  0.21586152663229385     
  -4.7290496277590431E-002 -0.15873033501378062        5.3846370665420668E-002  0.17415838172653564     
 -0.10625786494683787      -0.12731536313518227      -0.12755119006604421       0.20921099789582739     
 -0.10161358227630600      -0.10735054241036215       0.16280610465418860       0.21989835554522272     
   8.8366266507270655E-002  0.13418930819522601       0.12492856428267655       0.20352521628554576     
  -5.0110335857111138E-002   9.6071375508068352E-002  -8.1036857754330713E-002  0.13530605036885965     
 -0.12090594169479371      -0.19184073915971894        5.0767441519138812E-002  0.23237566365015799     
  -1.2782797224506065E-002  -9.1922032340305423E-002  0.10004353768544050       0.13646160400300572     
  -3.4852796295808106E-002   2.5053476472133532E-002  0.28665789460506430       0.28985365726929341     
  0.14274281230848551       -5.8033227033492556E-002  0.12555935048495498       0.19876749331784657     
 -0.18463362499943703       0.12065351949401783       -3.8767164130314342E-002  0.22394137684097776     
 -0.24502821811816997        6.2243990587912672E-003  -5.5705389698887560E-002  0.25135763616670470     
 -0.16095808266810643        3.3650050556605346E-002   7.7076310369147902E-002  0.18160558333591040     
   4.7299976263368890E-002  -5.8550290058450673E-002  0.16664069143555940       0.18285115329842819     
 -0.10239313143274312        9.2320200401054889E-002 -0.11861843589283770       0.18187277448908395     
  0.19709937011633469        6.9212422786399400E-002  -9.2039012711648202E-002  0.22827549371133582     
 -0.16754193144166971       0.11531928241327166        1.5715079957777288E-002  0.20399950839547726     
 -0.13786901893168677      -0.23600289938370902        4.0685565477948077E-002  0.27633412770948740     
  0.16291473478044155        7.0306671101539278E-002  0.16502916165715206       0.24231975364634237     
  -6.3811019515827350E-002 -0.26840789453964009      -0.13980650141147236       0.30929031976408167     
  0.12776250238326667      -0.12509181406880951        8.3311218499530382E-002  0.19726119255985533     
 -0.12716953776937898       0.13299201878420092       0.22384938401674659       0.28977148776484490     
 -0.17561548085551240       -5.2323212053858786E-002  0.20838002859022897       0.27749009342859532     
  0.10746685257832810       0.11354589343176938      -0.11294081680875238       0.19286633303855547     
  0.10102164242981281      -0.11746977252930393       -9.9820223775684724E-002  0.18430571551618016     
  0.16451372113032570        2.3974353411864689E-002  0.17699199235577889       0.24282853913766325     
  0.14980860310584784        1.5224675857105588E-002  0.13605547752313721       0.20294211313457902     
   7.3373958906308018E-002   1.8394055871541727E-002 -0.16124803097902676       0.17810953548758457     
  0.17477035570815094      -0.19913056966733372        9.5894088722448811E-002  0.28176823323841765     
   4.9734112085456313E-002 -0.10688034932627283       0.15023154979575315       0.19096180123540071     
  -2.1604812516405270E-002   8.0197674431801952E-002  -8.1431731640314448E-002  0.11631664466480501     
   1.7824967025743509E-003   7.5814886677492199E-002  0.21073600553288921       0.22396593125824646     
 -0.25428265868679661       -8.5450413415817300E-002 -0.22379690355781692       0.34935153885996667     
  0.15642011240132372       0.12496415361809389      -0.26879724234957125       0.33516450997661351     
   7.2412119522532015E-002   6.4111154313891056E-002   8.0591971476541013E-002  0.12589210073583099     
  0.21515267318829173       -9.2348631024398414E-002  -2.0926253863264486E-002  0.23506775732307089     
  0.20670658523320384        9.4702692491148172E-003   9.7070121722494157E-002  0.22856051038979222     
  -9.7849133021482640E-002   8.0958706566532351E-003  0.26621685150994506       0.28374532239776779     
 -0.11507796952446558       0.10016069023046371       -2.5387730933969059E-004  0.15256201162479779     
  0.11006366886694967      -0.11120121131699140       0.19576597405204624       0.25060733668303919     
  -8.7239695740736076E-002  0.10340850007293000       0.23884732622510083       0.27450342009736250     
  0.25697345836733554        3.4812828012184820E-002  -2.2820859878978261E-002  0.26032303575575222     
  -5.4747466764123454E-002 -0.18431653615696633      -0.19383809090496618       0.27302577919250226     
   7.7686404629241410E-002   3.9986099523344532E-002 -0.22268300153989193       0.23921075392658364     
  0.24853100549455259       -3.4265381294665567E-002   1.0818325497995836E-002  0.25111513935639707     
  -8.3087880638778713E-002   9.5593574979452811E-002 -0.23632280849561732       0.26812347398475278     
  0.11012766083461407       0.11568404602431037        6.9726500076622733E-002  0.17427760899895839     
   9.8730064075880669E-002  0.15752954047022141        4.9180563563559036E-002  0.19230681086642745     
 -0.11605575810593244        3.7853577979713393E-002  -2.7164381498810307E-002  0.12505893001949861     
 -0.12164402198089262      -0.16336858863127235        2.1489252469522324E-003  0.20369384309492217     
   2.2354811509260501E-002  -9.0897674827939576E-002 -0.14304281744849187       0.17094844986235755     
  -6.1529072325996838E-002  -6.2783270877043162E-002  0.22049207526078887       0.23736958755520327     
  0.10496878479445747        1.7333308782672310E-003 -0.13939054483926533       0.17450264813963687     
   1.3955941842922072E-002 -0.20512866666473156        7.8972446387650788E-002  0.22024800904622033     
 -0.12346250101593846      -0.12392041761104798        7.6078484335486057E-002  0.19075427868541228     
   3.9443553192471267E-002  0.15701391640583995      -0.18615789017928264       0.24670614890908021     
 -0.19365681175742841       0.21032775421446404      -0.11261008785460076       0.30728123408300245     
  0.15075356194723905       0.17664390264195756      -0.11677147519650244       0.25993322642542027     
 -0.12799856467781631      -0.10598898691237357       0.18243722263791737       0.24678054645804123     
  0.14913920108798431       0.15899293417402247      -0.10201597604383919       0.24068343064408160     
  -2.1280873667438457E-002  0.23676013905235013       -7.6188013434033046E-003  0.23783667749539367     
  0.14307658088595518      -0.10377066326536523        8.3698031588803401E-002  0.19556231499036164     
   6.5867337211156396E-002  0.15812625303331856       0.22387435123758864       0.28189030340133459     
   9.3217713347869130E-002  0.11954551432500769        5.8570080953452439E-002  0.16251500379943412     
 -0.13096978319073119       0.13250048129588607        6.4329941536786089E-002  0.19709846024460695     
 -0.22900769818419137        9.4239896487698843E-002   9.0806919439443121E-002  0.26376425181535762     
  -4.9919561022664927E-003  0.14812921845700197       0.22678713988920779       0.27092359034520463     
 -0.10778096058510360        1.3521138261606652E-002  0.21357785035444107       0.23961438772861943     
  -9.0048529978173933E-002 -0.19545461288549157        5.6353551341012727E-002  0.22245666139316128     
 -0.24163860604209544      -0.12108379515223774        4.8192099751112202E-002  0.27454139916751580     
  -1.7180550268551087E-002  -3.8032556091158354E-002 -0.18388539201583640       0.18856161864805665     
  0.11704281693553044        3.3224466460110257E-003   7.5796313474247090E-002  0.13948168619645379     
   1.4780320075171370E-002  0.17216945197730260        6.6308086779426859E-002  0.18508792620815984     
  0.15288403749701393        4.1049467197677325E-002   3.1690938190169410E-002  0.16144009180490046     
  0.23335330800704124       0.14158343502414406       -2.1211883323262088E-002  0.27376920832187240     
   6.5762122122381056E-002 -0.13819573389225281      -0.10663299505088714       0.18652965771045590     
   7.0455075476575965E-002   5.8762412352546797E-002   1.9292813219718007E-002   9.3750474173903170E-002
  0.11868982993712486        2.4664148407715247E-002  0.12215892464863806       0.17209996751450318     
  0.14194631558308177       0.13687379572137243        9.4222294363993306E-003  0.19741319831850146     
  0.19743139896241763       0.19295886366674411        6.3647512666027452E-003  0.27613907804311977     
 -0.18367364936315864        9.8979726717518240E-003   4.6432362624641746E-002  0.18971015690336013     
 -0.11955266161146175      -0.19929516216190973        6.0824348555267985E-002  0.24023114272862148     
   3.5116712719134420E-002  -9.0099912331118651E-003  0.11967737751337153       0.12504814329967884     
 -0.14219470079826990        5.8124031672158009E-002  -3.8964298053565410E-002  0.15848013287394294     
  0.11436665747352168      -0.17064124777424014       0.11129631212510877       0.23363440858800116     
  -3.0374760179719334E-002   8.7778220979936983E-002  0.16929789689323343       0.19310468670348219     
 -0.22342492617241327      -0.30567158319982007       -8.6946935905371260E-003  0.37872075742909334     
 -0.20350170825929359       0.24857725297874428        9.9872433493379903E-002  0.33641952817100090     
  -9.4029824444416005E-003  0.17981039268047005        2.7391613412645364E-002  0.18212768564966483     
   4.1891387935137241E-002  0.10843827325664313      -0.18799578116626645       0.22103429875548572     
 -0.20940162011662286        8.9338179458463493E-002   5.2640205772341513E-002  0.23366929640021925     
  0.19151507610325169        9.8453340609641657E-002   2.0178498651160094E-002  0.21628281591436541     
  0.15920391259801672       0.16101229398286174       -4.8877817151408764E-002  0.23164603516923615     
  0.13662276496786938       0.15464601122848584        1.1958435639876936E-002  0.20669826530307342     
  -8.8518054680671726E-002  0.24933598421918246        8.1411070349465056E-002  0.27682420668439445     
 -0.17171386948694023       -3.0657818463014491E-002 -0.16903607366500781       0.24289658088818591     
 -0.21607957899545621      -0.16132399605800976       -9.8662161775778454E-002  0.28714114705010185     
  0.12537306447992858       -8.4556741372939309E-002  -6.0609399795253677E-002  0.16291638085913698     
  0.25498179702498863      -0.11289622588413402       -4.6379828891937258E-002  0.28268774851595407     
 -0.10491234135534522       -3.3751327279444215E-002  -6.2671264533266977E-002  0.12678106664633865     
  0.16739306313538965       -6.2964612007291948E-002  0.13232545635412696       0.22247473193692202     
 -0.14025774534950752        6.0218633088882680E-003 -0.16509660488405348       0.21671499005024897     
  0.10895604744026018       0.10873485853173066       -4.1730603792939358E-002  0.15948709360522872     
 -0.19617024622262416       -6.1765441178896173E-002  -9.4115338689272715E-002  0.22617566669220893     
  -7.2292144831177865E-002  -1.2123492478589137E-003  -4.7000613124279646E-002   8.6236196745038504E-002
   5.0739997005763721E-003  0.17713419644582395      -0.18424089357574266       0.25563054568861160     
  0.15055190274468525       -7.1320408271838984E-002   7.9944727207288985E-002  0.18477996499716851     
   6.7961155350040908E-002   4.9484847184507144E-002 -0.20352934586150273       0.22020822728544365     
  0.17056051208234205        4.5192294883994646E-003 -0.17036576907159465       0.24111368063284067     
  0.23018659862421667        4.4836236849490792E-002 -0.14425460153562877       0.27532807409563759     
   3.7116024214702836E-002 -0.16303933504338580        1.1965248397066395E-002  0.16763827484825569     
  0.12356968840510563       -3.4106424579673771E-002 -0.19758159121521421       0.23552324997180191     
  -4.7668220602598628E-002 -0.17850503482437222        4.4921109026328024E-002  0.19014261160829679     
  0.10140410742393001        1.1279860290029498E-002  0.14084642347036741       0.17391878350253195     
   1.6556610535852601E-002 -0.19363703212149100       -1.7750909977842615E-003  0.19435167225754879     
   4.2866904862114710E-002  0.16818755397003976        1.5366990259884025E-002  0.17424341948128200     
  0.12596725956107005       -7.3107827533814007E-002   1.5294743485868519E-002  0.14644601089254158     
  0.17447641059620217        1.3621572681771379E-002  -9.1800981187354552E-002  0.19762334184964167     
  -5.6700594461734678E-002  0.18126336772460522       -7.4980895672622123E-003  0.19007258413126873     
  -2.0984230231141581E-002   3.7707913453973237E-002 -0.26034019643800738       0.26389248291079864     
  0.22695206226288206       -2.9928386048913028E-002 -0.11848116889699961       0.25776100217074577     
 -0.13084556749724993        9.8178476847445920E-002  -9.1805195477864782E-002  0.18758403387946115     
 -0.21276964399791945      -0.12853383967651172       0.13579745929211667       0.28325398373047234     
  0.10620522095017348      -0.19597894686277451      -0.14455301507015700       0.26567436973933034     
   1.6953203343207275E-003   5.1028230426297574E-002 -0.12637086209695425       0.13629508134412890     
  0.22205921242540549       -1.6919280003163964E-002   4.6296475374010673E-002  0.22746410593953764     
  0.15106180203964517        5.6160430578825998E-002   7.2104610792499496E-002  0.17655802699339929     
   2.7842003920011845E-002 -0.18249774584781236       0.12622766624226053       0.22363816343992407     
 -0.21612335438678304        6.8574067739419264E-002 -0.10966245207205061       0.25186814104245153     
 -0.14780412982568780       0.23198014637262990       -6.0642597916248445E-002  0.28167068322178535     
  0.25165928935262882        3.2264435310186322E-002  -1.6610682545837561E-002  0.25426227891292474     
  0.20660950133282541        3.9521380008229107E-002  -3.5458361856069487E-002  0.21332304363164706     
  -3.5988141610029105E-002 -0.18147213755886837       -2.2823125315195491E-002  0.18640863203157054     
 -0.26865167455236788       -7.5589750052339703E-003  -2.0881826786695121E-002  0.26956800817765947     
  0.11461053960715847       0.15104813809413040      -0.14167279242958750       0.23669029537677400     
  -4.5595790067474148E-002 -0.10716421218170781      -0.14354778792963396       0.18484888926876036     
  -6.4099991168940773E-003  0.19438089889782553        7.2322033896208178E-003  0.19462098219584159     
  -6.7731307302067903E-002  0.17247995766426572      -0.15096019508063843       0.23901013845336869     
   5.6795000978447495E-002   7.5354544092067183E-002 -0.14992797517294809       0.17715071885523156     
   4.6141402884311226E-002   1.4782344587601370E-002 -0.17459821747798238       0.18119625911736628     
  0.24276575564339911       -4.9637893789801518E-002 -0.12438801333399420       0.27725711978987322     
  0.11608071144074968       -6.0599549057931884E-002  0.21359768323601891       0.25054142810802760     
   6.6930598160191354E-002   8.4676445636638578E-002 -0.21995979438173041       0.24501452316176839     
 -0.26846238029490133      -0.28588051081127486       -2.9653002719289858E-002  0.39329253319328333     
   6.4515634701497626E-002 -0.16167637989712591        6.0772200661124633E-002  0.18437673202107924     
  -4.7487082946000320E-002 -0.23586285655528552      -0.15622374147035059       0.28686611432536685     
   9.5242596050274450E-002   2.3509830107984898E-002 -0.21060959215111849       0.23233653290036532     
  0.22312674899323764        7.8408061132253626E-002   8.7658574248216908E-002  0.25222489132922760     
   3.2059367078983624E-002  0.17834947394552381       0.20376267013693641       0.27268216592854777     
  0.13050709196607116      -0.13525691312348814       0.11381565355477787       0.21972832451742899     
  0.13008524041376646       0.12701073211558900        1.1106475726770908E-002  0.18214623149852616     
 -0.16180854872470921      -0.18653307219722143      -0.11724212995334531       0.27335381925213248     
  0.17224870759280794        1.0220665739988002E-002  0.11936037495732132       0.20981176893947956     
  -9.1638550596213772E-002  0.27439839345833084       -3.8490843015392295E-002  0.29184524543655554     
  -1.7963093416098516E-002   8.2410276682741063E-002 -0.11202170550883250       0.14022478002517605     
  0.10022895771502058       0.14703185381175274       -4.3916947119904563E-002  0.18328368242779416     
  0.18965588755946666        1.1668235127526206E-002  -8.8182785196499899E-002  0.20947960999097820     
 -0.14510421633120213       -9.0790040633180594E-002  0.18120912958466956       0.24926855742371612     
  0.18607137956588110      -0.10835349301309596       -2.7808643828295100E-002  0.21710909334539216     
 -0.24086269989413037        3.7153049993150576E-002   3.8973302780182767E-002  0.24680783547869639     
 -0.16471955392815388       -4.9316511828880541E-002   9.3427434133724327E-002  0.19568682948545491     
 -0.15406132411186166      -0.24947029124857908       -9.1996745581029896E-002  0.30730069801458587     
 -0.12892540744009789      -0.20016509852920034       -3.2853348881675445E-002  0.24034801826838684     
   4.4222024134492735E-002 -0.24640189163085205       -9.9550338007137348E-002  0.26940629060055205     
 -0.18292718480513095      -0.11636380102352818        4.8244339928951371E-004  0.21680203384887170     
  0.23642200043927838        6.3837301668601798E-002  -6.8314585910586121E-003  0.24498414683917727     
  -9.2736360986346369E-003  0.12213928871968718       0.20965448540195708       0.24281476360509968     
  0.14132824885923764       -2.4239134528165888E-002  0.21245993566881793       0.25632095862939375     
  -9.9443311779935470E-002   4.8536726978886460E-002  0.16371931721960897       0.19760769457295779     
   8.4264124190308279E-002  -9.4583375678231982E-002  -1.3797355371099584E-002  0.12742379917223340     
 -0.18481355217674955        7.1171369257116979E-002  -4.0196204103437147E-002  0.20208203209203485     
  0.19424866743940197        4.5556300770292872E-003 -0.14458692059025127       0.24219553293393697     
   9.2232745181064016E-002  0.17278631099897032       -5.1957565769417915E-002  0.20263656430405488     
  0.14431457847421744      -0.12257256444348820      -0.22513755249210116       0.29417282107050224     
   2.9661612039914909E-002   4.2197387281805152E-002 -0.25673687244886989       0.26186686005877946     
   1.5675999298838950E-002  -7.8060405411808850E-002  0.17440338280503770       0.19171777116614327     
   2.3595707001390572E-002  -5.4102400819942817E-002  0.17802123618737084       0.18755102691549544     
 -0.10504227762604938        7.1942137933653047E-002   6.8470949782919607E-002  0.14456079089264798     
   6.2500363016743721E-002  0.19540747298844827       -5.9459921541572744E-002  0.21360210239294433     
  0.15715151241887201       -4.8476720669137427E-002   7.3220496790286721E-002  0.18002175272057777     
  -1.5161963733225415E-002  0.17076373999715500        4.4126976755422638E-003  0.17149230869878490     
   9.1714503073411974E-002  0.11885199722745259       0.22365203439493053       0.26936514215456403     
  -3.9066553711985294E-002 -0.21482652638118346       -5.3053459184630121E-002  0.22470269599493453     
   7.4036058811923489E-002  0.16260841647043728      -0.12673930033078290       0.21905635201874915     
  -4.5429266019912998E-002 -0.25187055666415548        7.3353123202120424E-002  0.26623913350393291     
  -2.1703531886279291E-004  -9.6114900344732634E-002  0.13890709497480347       0.16891803398970340     
   1.1494376200404454E-002  0.16391900798272044       0.11074941440388789       0.19815901355497226     
   4.0462726181386570E-002  0.10955467630683360       0.16844111708675091       0.20496797124467395     
 -0.15622597920935449       -6.4138394277394650E-002  0.10671606633817599       0.19977139188356818     
  -3.4998962001698240E-002 -0.17051471034148041        6.4324044037603181E-002  0.18557418038452117     
 -0.19040156149332157       -4.3876743357167083E-002   8.8215700248375870E-002  0.21438267886430828     
 -0.12912899833165356       0.16612509091201963       -1.5702227150300864E-003  0.21041461365608088     
 -0.20753351810695417       -4.6264896405619899E-002  -9.7850800230533705E-002  0.23406277124529654     
  0.14911765345392897        2.9995012969562626E-002   5.8562264148775314E-002  0.16298869334061555     
  0.14800652980005544       -8.1194170625581916E-002  0.18361489299955419       0.24942504913955324     
  -5.5728448213044499E-002 -0.20266203790566850        1.5850206067985671E-002  0.21078138101053948     
 -0.21930554842677016       -1.2367501347505054E-002   9.9452673045553913E-002  0.24111970644526926     
 -0.11391339479746808       -5.9831734110085785E-002  0.11270349799349873       0.17105021596266520     
 -0.10767851757165919       0.11668380260380995      -0.16627452250635738       0.22990648048985518     
   6.3358409830052864E-002  -8.0812687814602144E-002  0.11414257554667817       0.15353666063986940     
 -0.13091777974447757        7.4401682015479725E-002  -7.6630947738440369E-002  0.16895969191273899     
   3.9230189547242389E-002  0.26234297874922990       0.10926600189801863       0.28688308671253049     
   4.9937981120610667E-002  0.13953672854000404       -6.5831446990555886E-003  0.14834971642769645     
 -0.11977647446792100       -6.6946711743977011E-002  0.18065205975088192       0.22685553275494935     
   5.0847150802804386E-002   4.5085767433927171E-002  0.25671788342145607       0.26556022073771063     
  -3.4831189416069039E-002  -8.8676177446849608E-002 -0.33029089277778145       0.34375681819371551     
  0.14059148047332240       -2.6880651843481283E-002  0.18526151982439573       0.23411613475550125     
  -8.6607370674118389E-002  -4.6086761634167014E-002 -0.18310177476174971       0.20772839520371594     
   4.2211211691446877E-002  0.23461195248856631      -0.20429282772489110       0.31394285165104407     
  -9.4363265765199475E-002  -9.5195898683481078E-002  0.15065257719633773       0.20165040061434977     
  0.19482257007333362       -4.8497261474711846E-002   6.5203489538711717E-002  0.21109077011691071     
   6.3526026903536925E-002   8.6209631808337336E-002  0.19551940533134482       0.22292486306332163     
 -0.14231800043514797       0.11548852923466181        1.2267338902001825E-004  0.18328128295438270     
  -2.7576955996607144E-003  -2.9373265788916775E-002  0.11070338968103000       0.11456715984520484     
 -0.11880783521445067        5.0395676421591859E-002  0.12540264763012415       0.17994679753465725     
  -5.0229900111654638E-002  -2.4618280118844801E-002  0.19545228266813530       0.20329952626954489     
   9.9571452263813962E-002  -2.1338324179177120E-002 -0.19604970965733751       0.22091918622298737     
 -0.12509980451455491       -1.1012219291590616E-002   6.1758470866040117E-002  0.13994762872952674     
 -0.25779497918099903       -7.1089466961273204E-002   2.2837674538182764E-002  0.26839061641957906     
  0.25685007006047544       -7.4539231659978167E-002   6.5418742412830452E-003  0.26752729143980769     
  0.16364905356302217       -7.8959830113523671E-002  -7.6471029599984555E-004  0.18170374868303138     
  0.11557544068000412      -0.12304484154936673       -4.0559528589626616E-002  0.17361679319610374     
   8.5372626353656320E-002  -8.9045987966600820E-002 -0.18560046871068897       0.22285692111553654     
 -0.10092273845802983       0.25946404293201802       -8.1051878151200824E-003  0.27851872967901881     
   4.8179538397655118E-002  -7.1538086346647850E-002 -0.17577947212914705       0.19579935786501740     
  -1.8961716770177377E-002 -0.16221547486454124       0.19509516079338912       0.25443177622576818     
 -0.12618431042744388       0.11011775463012391       -8.3655360286775268E-002  0.18720742343064251     
  -8.7955516794974625E-002 -0.13772536631536120       0.11587433882362039       0.20032801067045686     
   9.1188630354143665E-002 -0.23212366955726796        6.0122263983453932E-002  0.25653742592669104     
   5.3981743359694849E-002 -0.25822102805560060       0.11901924518434119       0.28940924081738229     
 -0.16375127571567921        5.7169403842879010E-002  0.16440982710823995       0.23898412559001472     
  -1.9710262708721789E-002   1.2989478518109937E-002 -0.17586626953716514       0.17744341568268485     
  -6.8310124035933506E-004 -0.28402193220724520      -0.16726201444441857       0.32961417760473599     
 -0.16448361799353542       0.10292980309976350      -0.11059717460832097       0.22334086053775024     
 -0.22840059092017234       -3.4161790659622993E-002   6.6077346001877396E-002  0.24020839604062061     
   7.8019867216391439E-002  -4.6701051312634620E-002  0.16615537182401618       0.18940880512834074     
  0.14774244477674237      -0.14401824884331355       0.19851178524999882       0.28631453835187098     
   6.1468245238989763E-002   8.7234624574482583E-002 -0.11918692063670602       0.15998045801994681     
 -0.17878229875428364       0.15498629253604446       0.20881078245779111       0.31557218523274394     
  0.19015903233516765       -2.3623923727225635E-002 -0.15749864829279911       0.24804106830316616     
  0.15080026986660008        9.8646400753414021E-002   4.1013492984150295E-002  0.18480784718242763     
 -0.13408903739660824       -1.3268437121761144E-002   7.9925316697704973E-002  0.15666517680337125     
  0.26105513712972328       0.13933342040296665        8.9783290097941476E-002  0.30923231694604558     
  -9.1777040649593467E-002 -0.12330452360922126       0.17212426314318194       0.23076783288724942     
   2.7442143578798834E-002  -3.2059062973335668E-002  0.28934585622594117       0.29240704382427368     
  0.15225755192737420       0.14925955961663367      -0.11416187411170294       0.24185473275618316     
 -0.19849569099362374      -0.13550766535546399        4.1123884603138240E-002  0.24383199256450497     
   9.1208040906777643E-002  -2.9718858114107918E-002 -0.12514729220494833       0.15768310626027640     
  0.11581895354786916      -0.25965338199616167        2.8189099640418387E-002  0.28570707747884994     
   6.6123483312980610E-002   6.8884589425648984E-002  0.14088897763414868       0.17019725533796926     
 -0.22919778666627832       -3.7757959687134052E-002 -0.19573289255908252       0.30375755819732519     
  0.16086903620585324        6.9998334708079243E-002  -7.2525150805114402E-002  0.18983811832982594     
 -0.17800157738599690        6.0227589710100234E-002   8.7200218593133316E-002  0.20716129521916357     
 -0.10375829526977429       -1.8605269930516012E-002  -7.3398812271557562E-002  0.12844970046423768     
   6.2249146120407606E-002  -4.7037015441832870E-002 -0.19921831699309592       0.21395180494671395     
  -5.5510547405916127E-002 -0.17988442278550848       0.11755564860855559       0.22194404014065849     
 -0.17420183929582922       -2.5720768989884509E-003   7.5207516315565298E-002  0.18976055149577387     
  0.22029965333985013       -7.0178417468135072E-003   1.9931874994730245E-002  0.22131079278979374     
  0.20679006735863611        5.0232695860149126E-002  -1.5263970810078312E-002  0.21335052026291948     
  0.13052964997573308       0.14721437596742598       -8.5390930211990512E-002  0.21448000600693545     
  0.10281734747853531        8.6245581544103500E-002  0.14470972680811350       0.19735909482788302     
   2.3601826956033710E-002   5.8974920085736147E-002  0.17163842739721538       0.18301594792304496     
  -7.4772065478238378E-002   7.5287283930574322E-002 -0.28113479718245327       0.30049261402627520     
  -6.9809973151298513E-002  -6.5422166881372076E-002 -0.12770427901228240       0.15956777603540756     
   5.3516433833649561E-002  0.13556784601792404        9.1651525494349365E-002  0.17217041467584471     
  -1.6355656412527834E-002 -0.20596357231739887      -0.11822379556549448       0.23804488328115958     
  0.12127170538600958      -0.22360423681611027       -7.4754583767381630E-002  0.26513002290118087     
  -5.4061498274620402E-002  -4.3587695393745809E-002  0.16370424449503107       0.17782466772392314     
  -5.7539915895081561E-002  -7.1569412685394559E-002  0.16275888413137515       0.18687824142215106     
   6.6168832535643776E-002 -0.15481926354409023        1.7908126832583467E-003  0.16837614371855372     
  -5.0299083407861947E-002  -7.0880159959118255E-002  0.18218147553869238       0.20185164080818468     
 -0.12768294665567198      -0.17115437822596002       -6.0172100058077015E-002  0.22185003420777152     
  0.20699727741987112       0.13428729699424230       -1.5382196360373060E-002  0.24721966539522700     
 -0.15425513715361105       -2.6334303063928984E-002 -0.19335287719843469       0.24874379987661036     
  -5.1027945657388357E-002 -0.10974015917257796       0.19810270697617025       0.23214529132533035     
 -0.21609850259397007       0.14033115183520392       -6.2484442991689412E-002  0.26513336382796643     
  -8.9410836906709548E-002  -2.0848669080443263E-002   2.0081053417305150E-003   9.1831352194376034E-002
 -0.10468720663686601       0.15747774388781388       0.23214119993987967       0.29941307213104934     
  0.16714202845200668       -2.4343248593032656E-002  0.12456530711026721       0.20987035798937587     
 -0.10817782176050415      -0.12632299026494756       -9.4935457712189197E-002  0.19150112302894806     
 -0.13595660382751845      -0.17907079034996426       0.23934641270721924       0.32838582697291940     
   9.0073834776626463E-002   7.5641352463802325E-002  0.18279078311531202       0.21736462524023825     
  0.10879611187851755        5.6624440384134445E-002  0.12136512193424590       0.17254684590224673     
   8.5820185821803036E-002  -7.8158464788738488E-002  -9.3708455590271383E-002  0.14918151548276729     
 -0.20737948572332557       0.10466695553080432      -0.19201035446519141       0.30137916135792603     
   4.3079972193739699E-002 -0.32597346938514726       -9.7247541605490706E-002  0.34288725712034646     
 -0.21159905612537375       0.16943469787360374       -4.4929026807672169E-002  0.27477426161588164     
  0.14875927881963835        9.8374007814296352E-002  -6.0131236426721947E-002  0.18820875123806671     
  0.11652754227645488        5.9273924244335405E-002  0.22272789700960946       0.25826300995426615     
 -0.11572047949517728       0.10082934724087994      -0.22274283528538860       0.27050352550491730     
  0.12626816278107567       0.17417120514625561       -3.8108289658205771E-002  0.21847539764211665     
  -3.1967236109518543E-002 -0.10887956182066970      -0.15007069277745810       0.18814323266450206     
 -0.12909936112004849      -0.22605908172154021        3.3207989811627932E-002  0.26243499015512373     
  -9.3086643614834749E-002   5.1901041496150331E-002  0.13801947410094872       0.17437951874851251     
  0.18434101218160670      -0.19764581640824300       -4.0279422243439528E-003  0.27029928197163755     
   3.0450022426568933E-002  0.17272633946356325       0.13180980554640681       0.21939785105702886     
  0.18936246170540377       -6.3415548881305336E-002  -2.8253231371357500E-002  0.20168767643555022     
   2.7647130572999570E-002 -0.23834359364552962        2.6161118457738119E-002  0.24136370186866468     
  -8.1485481408878666E-002  0.17943633166580378      -0.14218496817008464       0.24300997093873541     
   7.5480003325757064E-002  0.24887552095041846        2.1580874658260977E-002  0.26096357979881801     
  0.11606548109071139      -0.10247817633703972        7.2033708706820854E-002  0.17076834518212913     
 -0.10515620892915946        6.3125983943277550E-002 -0.18674258272435271       0.22341779322095562     
   3.2473219697759716E-002  -8.5166722778115864E-002  -2.2196720132523079E-004   9.1147846577644798E-002
  -8.8075920510305522E-002   9.6046463586930364E-002  0.14880391259308651       0.19780013989960707     
  -4.8185719208655969E-002  0.22561590655766309        4.7573037980524105E-002  0.23555804968242539     
  -2.5109939838423193E-002  0.17428362720634658        1.9690993532220586E-003  0.17609420530827494     
  0.11097711924221018       0.19247293997731590       0.10276144321191903       0.24478902718424217     
  -2.2657711529123010E-002  0.20606827686230625       0.29384873127692818       0.35961727363100537     
   9.1566371306181990E-002  0.11118177066166113       0.16131509457317303       0.21625990432531766     
  0.14235857602607266       0.15297732608862530      -0.19608962455173434       0.28656442089386608     
   2.1906048206083384E-002 -0.20252498542041111        7.2957194117522439E-002  0.21637697853756724     
 -0.11130952232904762       0.23356884786977866      -0.10388981775450980       0.27881411493932984     
  0.14121178699483311       -8.1989259982885754E-002   8.4259303329378393E-002  0.18374612305125665     
  -3.3138382896938726E-002   1.5441110211140384E-003  0.17088977102185143       0.17408001189042485     
  0.22050791235784739        9.4312870433641588E-002   4.5578888413320702E-002  0.24412310830980935     
   4.0374012747949266E-002   1.0907102893028106E-002 -0.18159348548768131       0.18634704121733567     
  0.10685860289977117      -0.14724323655993321      -0.10234578762439545       0.20874384295301573     
 -0.14541661955308213      -0.10790465647281833       0.19198038774792009       0.26390505377996176     
  -4.7400245170417243E-003 -0.16856069635793139       0.13219951854405709       0.21427059735851159     
 -0.10039797385485624       -4.6221514928126567E-002   9.3762821918802836E-002  0.14494015444516595     
   5.1428984483683778E-002  0.16464595812931840      -0.19467313859251498       0.26009779480573225     
  -8.5231773337715602E-002  0.18914037061575747      -0.15536619162964893       0.25918562553594404     
   1.0832476797593240E-002   7.5814244592367228E-002  0.17991525387947535       0.19553680169011090     
  -4.4598160059276498E-002 -0.19257651154211325       -9.4202470562298760E-002  0.21897217663082971     
  0.10249305101345521        7.8119163170717848E-002  0.12705176041770636       0.18096844748678767     
   2.2944954577607153E-002  -1.5917769672256422E-002   4.7836187524016721E-002   5.5390858169379852E-002
  0.19633754578891577      -0.17327567113593992       0.13258501617733220       0.29351605851940782     
   4.7857063959056444E-002  0.23115354782973674        5.3170895664203258E-002  0.24196984396984100     
   5.4086720185040398E-002  -5.9640462944012464E-002  -6.5941862445621821E-002  0.10407058827232740     
 -0.16789606869564064       0.16943962258331519       0.23210108324262171       0.33282095551065588     
  -7.1627291336492538E-002   8.3507330494079421E-002   2.6689322238557283E-002  0.11320893530107831     
   2.1456785149737225E-002  0.14843660040906170       -4.2311439256831854E-002  0.15583348761401067     
  0.13114947072997382       0.16557718125207069       -3.5359242296246186E-002  0.21416410212707912     
  -3.7804002038127185E-002  0.16296745964144335      -0.12231448471098968       0.20723988188135778     
  0.23067321763217224        5.6503905298896290E-002  0.12164666984659128       0.26683466216286766     
  0.17248787085006259       -1.8857023299292102E-003  -4.6918809278792301E-002  0.17876519831277188     
  0.17173601810278283       -4.3760760352049399E-002 -0.18615301786514996       0.25702375400085437     
  -4.5791424352610265E-003  -9.0376301906069684E-002  0.15578172278986546       0.18015767995574863     
  0.12976505175382186        4.3492552400941700E-002  0.15895472048000056       0.20975503315509700     
  -3.1279243218489877E-002 -0.10274422586509378       0.17934628509612424       0.20904510753117167     
   7.4677410164789612E-002   3.4933792554482312E-002 -0.20869522424434761       0.22438979939729514     
  0.10959792695797302       0.16749453668844025       0.13410175292618390       0.24093444243577072     
 -0.13534253859802489        5.8412189232821189E-002  0.11088026992054952       0.18445601335489903     
  -7.8225395644079293E-002  0.22181488441323205       -4.0347923427235727E-002  0.23863991785914257     
  -3.6478097302405824E-002  -2.7521223264598341E-002  0.19196539838261026       0.19732912478642864     
  -4.6928667826488489E-002 -0.13654774429632285       0.15297576494216950       0.21035486919970442     
   5.3212063281391888E-003 -0.10854030353904369        9.2007867724899356E-002  0.14238946749116294     
 -0.16255967722573753       -5.6511103294886116E-002  -2.0186203902601538E-002  0.17328195602352445     
   1.8950882912569703E-002  -7.0154889882098961E-002  0.11700154335893737       0.13773236978251938     
  0.20564207219032124        3.9990421244330776E-002 -0.10376674176717761       0.23378501308468094     
 -0.20762058517690590       0.11936924310738831       0.14071340589618672       0.27776894388706708     
  -1.4441442234104686E-003 -0.16251281655618613       0.18146384271858151       0.24360136968366311     
  0.17873141429037320       -1.3283741801152046E-002 -0.12468195311547288       0.21832765670699092     
 -0.25344170231206231       0.15687760787574501        3.1030669941328470E-002  0.29967679723438667     
  -9.3159535015356607E-002  0.17972178084033222        3.3043334742851281E-002  0.20511089547760739     
   6.2096211544907624E-003  0.15358669586040480       0.11697615335346626       0.19316017445004660     
 -0.11875278681626683       0.21538261412996049       -3.6735625995182791E-002  0.24867931370209126     
   5.7010039654114136E-002  -5.8072768219742762E-002   2.7818072361805810E-003   8.1426835143992293E-002
  -8.2791360241349074E-002  0.14919098173992468       -7.0705589141512495E-002  0.18469336398198974     
 -0.12318114068805999       -3.8884686758677019E-002  0.16198589464251342       0.20718359575185369     
   1.3492305627099263E-003  0.15374557275233394       0.18886759251761834       0.24353744900416380     
   9.9323569208287291E-002   1.6524276935734005E-002 -0.11965067286263292       0.15637936770879676     
 -0.22167890434175963      -0.11052967581924528       -7.1208804179334673E-002  0.25773831624250459     
 -0.12165716991816762      -0.14640570089044497       0.22687004676129796       0.29615049276203115     
  0.13645215665612112        8.2081666116543522E-002   5.8328688838285014E-002  0.16958427671859153     
  0.20241934571890011       0.13818072693284042       -9.0906539373633813E-002  0.26140295277185727     
  0.14758305009155892        6.1136378543790837E-002  -1.3940277519581832E-002  0.16035194040952619     
  0.21595075723848287      -0.12970889349899895        4.2548274278084851E-002  0.25547892721054694     
 -0.25917939794826966        1.2027451780422825E-002  -2.7340072240499030E-002  0.26089480536659526     
  -9.4336462662388168E-002  -4.4036416835698096E-002  -6.8556571150561796E-002  0.12465383124197006     
   5.9043110186794145E-002  0.15886977392789792       0.26655206195986425       0.31587291061989886     
  -7.2714150092830693E-002  -8.7396611017026601E-002 -0.13608818093316738       0.17732881387603838     
  -6.3663039808921573E-002  -9.4441190775676753E-002 -0.24594874951886325       0.27104041865141193     
  0.21718380736686141        1.5220903372317632E-002   7.5454215324973262E-002  0.23042096408995172     
   6.1895902567079032E-002   7.4833970066851677E-002  0.22474087783234439       0.24482583196920324     
  0.24190979179999877        9.7459952718141202E-002   3.0641956211417493E-002  0.26259801833411367     
 -0.12748394642447586        4.5514520711332884E-002   7.9566429445230152E-002  0.15701765788026445     
   6.9348672953046031E-002   3.9188120752296607E-002  0.26544943953166378       0.27714319799720782     
   1.7176912500024063E-002 -0.14371545336210231      -0.14131542230470850       0.20228501288841494     
 -0.14521456184023232       -8.3204933915169602E-002  -4.6388633342325826E-002  0.17367278227070337     
 -0.20367867194354430       0.11270876032294713       -8.1501913154170297E-002  0.24663906403084529     
  -3.3308339103822145E-002 -0.17604270636600106       -3.4775365575462583E-002  0.18250974212197096     
  -3.2570098482805100E-002  0.15736848964451036       0.13563725936502941       0.21029293610635200     
  0.17897681034451690       0.14938178542981187        5.9611495562485434E-002  0.24062657139744925     
  0.10090248301721744       0.16427567727486680      -0.18389359172741102       0.26642946965672504     
  0.10657915338377789       -4.8552143005895582E-002   8.1421011059105097E-002  0.14263873095465587     
 -0.20141074680804499        9.7203975559131628E-002  -8.3310701597779160E-002  0.23865367123719020     
 -0.15191018996220701      -0.16682020495121422        7.2330301835694499E-002  0.23693323776532832     
   3.9017498648736507E-002   8.6391699587347021E-002  0.10511575371960521       0.14154579696492323     
  -5.5421106381588293E-002 -0.20322317551286742      -0.11274054781560952       0.23891753644271654     
 -0.12582376352965879       -6.2669455826555059E-002  -8.2661124864907343E-002  0.16307035820864513     
 -0.19219602813476339       -2.6588499077398992E-002  -1.2277247727139864E-002  0.19441448589475313     
  0.12537306081277549       0.10429650680430028       0.20568508646140468       0.26249289609773990     
 -0.11633197699107113      -0.17305676273646131       0.10487363125148540       0.23341004805137996     
  0.19958330405046229       -3.3684381041934573E-002  -7.6467138459930070E-002  0.21636856529109683     
 -0.20711170970013282        3.4640665374846190E-002   2.8534968530729857E-002  0.21191857026125366     
   6.2850899776357480E-002 -0.13822417992435657        2.6154796275846961E-002  0.15407865811555371     
   6.7475411084703285E-002  -9.9556338774416289E-002   7.4130316904947022E-002  0.14127880087134062     
  0.10873793362317971       0.21478858583977031       0.13146833901901150       0.27430275058793191     
  0.26443542073652671        8.3907646471145757E-003   5.8622263067924132E-002  0.27098536196383760     
  0.21202705939849550        5.2297914791937447E-002   2.3083973887669300E-002  0.21959830522844317     
  -8.2263394847401430E-004 -0.11586908342567165      -0.22838316613208057       0.25609605969837168     
  -1.2253457558084296E-002   7.3632583327375170E-002 -0.16260124243713023       0.17891637317945225     
  -7.0295917708942710E-002 -0.24656610741917104        2.0808843418668756E-002  0.25723407499553264     
  0.16352293711268365        2.0457213853776961E-002  0.12439333664306759       0.20647506087131537     
   9.6250496044366377E-002   1.4476828292021210E-002 -0.12504395534462148       0.15846049133588772     
  0.19134926803276078       0.17152818981684781       -1.0232711149283914E-002  0.25717925782609796     
   2.7182261962717860E-003   4.4234583940231484E-002  0.11167264230548207       0.12014518804141773     
   4.0668397287541576E-002  -7.4707195780264066E-002 -0.20722372227784591       0.22400168462307116     
  0.16935482498860047       -2.1965833883400260E-002   7.7309678647351887E-002  0.18745757124658755     
  0.16323910478829698        4.2449298083180327E-002  -2.3577379482384638E-002  0.17030807691679120     
  -6.0091199504700543E-002 -0.17372958616120215        2.9495756969249397E-002  0.18617980837041731     
   2.4616413400481072E-002   3.7084662119378699E-002  0.17168169379994805       0.17735795431621043     
   1.7662886273908350E-002 -0.18457436469577906       -9.4688020043655022E-002  0.20819580878145239     
 -0.13996709124885853      -0.14635375910983739       -6.8280604441879708E-002  0.21371113770974839     
   8.8614947306322939E-002  -9.9269761202501472E-002  -9.8965310595321473E-002  0.16583493925145118     
  0.23645824434937993       -2.1918258814793472E-002 -0.14611291345501765       0.27882233567018411     
  0.11406733813016469        1.8828738616071684E-002  0.10600860839683134       0.15685567914553306     
   1.3260051409465951E-002  0.20474059313076268        2.3089022568739643E-002  0.20646462748397837     
   2.8934540751100621E-002  0.12619781140505787       0.15727802832737608       0.20371419549567615     
   1.0010644026041057E-002 -0.17264161648654092        5.8584816964819542E-002  0.18258565528459073     
  -3.5050121921432864E-002  -3.5632390376536399E-002 -0.24477013592066615       0.24982113147064758     
   6.3887878308052606E-002  0.14939967570316343       0.15555355791092312       0.22494184464803754     
  0.14244137189694117      -0.17450866712878699        8.3089369278158534E-002  0.24009719410686722     
  -3.7879096509236716E-002 -0.21440762300240784       -3.1714091319873954E-002  0.22002554020418635     
 -0.17768049374607930       0.23623133395453136        4.4741490959830640E-002  0.29896053587906291     
 -0.15527025840096376        5.2834182271175457E-002 -0.13081389203593122       0.20979174986103269     
  0.15541667222401165      -0.14868708671281206        3.5432009752630007E-002  0.21798536436063692     
   3.5085176422286854E-002 -0.18252857054214419       0.11597642434277973       0.21908486865157531     
   9.1320176982868637E-002  0.12660587566703377       -6.5162521752852073E-002  0.16915843673547526     
  0.21820110292075773       -8.4580777371454613E-002  -1.3115689222821421E-003  0.23402424966150959     
   9.9561554366293561E-002  -7.2501749954524443E-003   7.5392999106082881E-002  0.12509665247122692     
   2.0923046300336647E-003  0.17407592530476856      -0.13392720396349353       0.21964357825999700     
 -0.12564860523109350       -6.3415117600858606E-002  0.14370027171556216       0.20114377253093443     
  -6.0694875310530333E-003 -0.10542316613502538       0.22756731269958727       0.25087400113629654     
   6.2321847418920356E-004 -0.18586778768857981       -4.9199367749529377E-002  0.19227012427433179     
 -0.20371002843276881       0.19546299589716978       -6.7211688165586432E-003  0.28239818087133134     
   8.2637874483946147E-002  -8.1353004382829511E-002   7.0566834301149003E-002  0.13574611495222591     
  0.18765808664490624       -5.7790713001405224E-002  -6.4201222835976762E-002  0.20658441617429102     
  0.15623711280307753      -0.13704022163288407       -2.3274548976003106E-004  0.20782230855395328     
 -0.16978656993970062      -0.16882203622766953       -1.5772021131591658E-002  0.23995232005238204     
  0.17624477888971216        6.3482325968883160E-002 -0.10997283638586153       0.21722396861086610     
   7.0487284737147590E-003  0.17376911236709730       0.23228995229946789       0.29017927376922376     
   3.1650612312012577E-002 -0.10367056103442188      -0.20149178445321789       0.22879747744907314     
  0.17972536851536111       -3.1050085280704562E-002  -5.2369435333232250E-003  0.18246298655204732     
 -0.17060137510642481      -0.16309127761616460       0.17452258487105643       0.29353317811237462     
 -0.14993247810764071      -0.11235117510844736        5.8802258659166363E-002  0.19636761485328141     
 -0.23829171561657239       -2.9047419977036568E-002  -8.9536929370910776E-002  0.25620998430971270     
  -5.2358262458810284E-002 -0.21216982985036137      -0.10547475882787696       0.24265685462445888     
   8.6658863406994621E-002  -5.8471001024626351E-002 -0.13253121488289632       0.16879910984999430     
   4.7996896086639290E-002 -0.18097770512933667      -0.14541654739994153       0.23707088401056808     
  0.18536854183577703      -0.20344263255022699        7.4734284074739504E-002  0.28519399407675605     
  -5.7503757734204540E-002   9.8008649209722340E-002 -0.22897785206899965       0.25562322705810830     
  0.23072071022026011      -0.11478112822933774       0.12926789139930900       0.28830008891598430     
 -0.10260326050404542        4.2829107822331888E-002  0.15810658162406405       0.19328593506969091     
   6.3774034187988271E-002  -6.4848874421025438E-002  -7.3455754835675166E-002  0.11691129914924152     
   1.5105753523421183E-003  0.13416397937399727       0.21853969292000758       0.25644073892603858     
  -1.2149049433877795E-002  -9.9564938046717878E-003  0.19108504661856349       0.19172956530553095     
   3.3582692884897805E-002   2.1736654321327317E-002 -0.17624689251547540       0.18072976103522018     
 -0.22035738937088734       0.17536739837506485       -8.4673233795916295E-003  0.28174953243688999     
  -6.5063621433339450E-002  -6.9077186631865184E-002 -0.11439606072942578       0.14863173031827662     
  0.10024641329327967        7.7956958386197640E-003 -0.21259123464305332       0.23517046859423713     
  0.19167545597395988       -5.0858192911763196E-002  0.23502827345939573       0.30751313066986269     
  0.17446368481582475       -1.3963219851068838E-002 -0.11744111491146601       0.21077230439451214     
 -0.19139534134570974      -0.10073195102371359       -5.0686883302486593E-002  0.22214468885121805     
  -5.4909073460461220E-002  0.23225582456139471        4.3911841666213661E-002  0.24266442720246059     
   1.8977705165513885E-002  0.14485888991935167       0.14242402699367615       0.20403150430046682     
  0.10627535710776709        6.0876988982580746E-002 -0.16000850265261635       0.20150230826742657     
 -0.16657100694206708        2.1884224569288204E-002 -0.16495611869973192       0.23544710814782424     
   5.4496624457283808E-002  -8.1029108023211616E-002  0.24952035292174524       0.26794776533210313     
 -0.25138793304855545       -8.2479250338268417E-002  0.13120909014241672       0.29532108789381867     
  -9.6496843517456771E-002 -0.35916495116317709       0.15886017328096066       0.40441025902879468     
  -4.5228372970026659E-002  -2.4270745514032487E-002   3.0221365660739991E-002   5.9565138728310880E-002
   1.3047382534153835E-002   5.6725721560756823E-002 -0.18680167050150862       0.19566017934095647     
  0.10816234818219478       0.18259352178497559       0.14322890918810419       0.25603516982895314     
   2.9131722012185089E-002  0.18472354971611329        4.5679740275813695E-002  0.19250476804168359     
   1.6082175101032683E-002 -0.12265871969011494       0.13201103684446255       0.18091631137282374     
  -7.0428315920066153E-002 -0.14077446196886381        6.8586719101460761E-002  0.17170246027084882     
 -0.15144230437250872      -0.12170836637224185        9.7123471381227192E-002  0.21721111088476916     
   1.6068634459605192E-002 -0.12711053755794294      -0.13541877989932427       0.18642300212443544     
  0.18565083223618295       0.13850284940524812      -0.13974628124954230       0.27051486821695470     
 -0.10043914205155684        1.4765881122689974E-002  0.16902580417943414       0.19716940680512948     
  -3.1493176758584138E-002 -0.15543898170162634       0.12454548507184601       0.20165484141613702     
   3.1011281804025861E-002 -0.22629454880032698       -4.9721870432234042E-002  0.23375882189802408     
   3.1592770396047139E-002  -1.0569442264124604E-002  0.14632442878150351       0.15006883323763570     
  0.14735150424352680       -8.9944141361852956E-002   2.1713372795492333E-002  0.17399392209587985     
  0.15977650924015147       0.21611690739293701        6.6767205076884675E-002  0.27693484836660465     
   6.2802221482966158E-002 -0.22198290933541898       -9.0944425535236725E-002  0.24797463498540853     
  0.22858232081065208       0.13054029960549052        4.5654301840810006E-002  0.26716092993708285     
  -5.4686910348387269E-002  -7.8145810422015682E-002 -0.17156305015648196       0.19629392764158984     
   7.6781322515473288E-002  0.13692904218236748       -3.5269958382758110E-003  0.15702666582414884     
  -2.6919702263174850E-002  -9.6560237277947561E-002  -3.4330364396135758E-002  0.10595812244789439     
   8.6605150182311220E-003   1.7105319836072178E-002  0.22910785676437362       0.22990869169790007     
  -5.5422190688674197E-002 -0.13554784604925130       0.15918321066160207       0.21629639929009284     
   6.9251251528357649E-002   8.5197125949814344E-004   9.9834903717661419E-002  0.12150501921149427     
  -8.2040358830552731E-002   7.4121361769480587E-002 -0.11568611019812533       0.16002460073495220     
  0.23913787752405116       -3.3161088950655511E-002   2.6891271758371811E-002  0.24291916923924300     
  0.11003110209150710       -2.1869583332944399E-002  0.14312361692176651       0.18185019060588534     
 -0.25033971508805458        5.5117979092750076E-002 -0.21413094137586400       0.33400602483211417     
   4.1647197350968480E-002  0.24032391912269654       0.15855707786287226       0.29091308339450089     
 -0.18220774415665758        6.0827501602867548E-003  -2.2455435910341874E-002  0.18368698506452200     
  -6.1985651062526098E-002  0.24971017222752173        2.4224688057131891E-002  0.25842644323483838     
  -4.9650081731812998E-002  -9.4181725788962750E-002  0.16146707847990119       0.19340875244258635     
   6.8420335581686836E-002  -7.0529376350702819E-002 -0.18941189226201172       0.21338369239425409     
   6.8617013848455019E-002 -0.13291582467181343      -0.18140801824494857       0.23512503082663680     
  -9.3876543172147400E-002 -0.11707624530003433       0.19465715683942164       0.24578661737432544     
 -0.10950634953768094      -0.13852588478028702      -0.12173031169953891       0.21447454424639070     
  -5.1548483785435688E-002   2.2803423069412597E-002 -0.23187557847321205       0.23862842700849091     
   2.5386749769760499E-002  0.21921373388217139       0.10607337319811647       0.24484833813620788     
 -0.23210192029179874      -0.11738783198401553        6.6776598699445799E-002  0.26853364525681839     
  0.15690612558626743       -7.5895926750708179E-002   9.4203128834788125E-002  0.19812610485775486     
   8.7018920366650515E-002 -0.14475320119426396       -2.3834446892041269E-002  0.17056923115384576     
  -5.3927108027209930E-002  -7.7555698968670234E-002   8.9590154429294994E-002  0.13018991970718122     
  -6.7872369939194446E-002 -0.12329675688264839       0.22589160848924295       0.26614989694681301     
  0.11893883710769639       -4.5189663060902094E-002 -0.13028208279596420       0.18210429351814708     
   5.6637371994017235E-002   6.7596060335887942E-002 -0.14217934164529361       0.16730805261555945     
  0.14287236502370962      -0.21987787264834757       -5.2450867637852575E-002  0.26741332256227363     
  0.22146473439195338       0.10617343978627440      -0.14741953885113160       0.28644711262365413     
  -3.7833766446842249E-002  0.18095597272567226       0.11273244254033202       0.21652958585319862     
  -5.3705717535650482E-002  0.26116610195912277        2.5223789038348130E-002  0.26782135172908278     
 -0.10315103633093842        4.2792394680570972E-002  0.17076747768199857       0.20404131143598400     
 -0.14368770725246910       -8.1152046734072850E-002   8.2914948386202114E-002  0.18467999504680241     
  0.15486109431173697        1.0027232511504863E-002  0.16559537666932997       0.22694566023065024     
  0.15426030968709503        5.9343104026675683E-002  0.11703034829816000       0.20251901037450276     
 -0.17354648080053173       -6.3917219663849417E-002  0.20590125768337073       0.27676546006212538     
  -9.4840157806343667E-002  -9.2270980732138200E-003  -2.4333901354011728E-002   9.8345989377765938E-002
 -0.13662317128857412        4.5056520588609830E-002   8.0476491490598781E-002  0.16484067053714416     
   2.4163730073664125E-002  0.14444073690428086       0.16904588600501869       0.22365939261239703     
 -0.15473156069736912        8.2933721152679232E-002   5.1913606645322991E-002  0.18307069818788399     
 -0.13563952935740439      -0.13586383985152209       0.16579417559932488       0.25366271615307989     
   3.8823690308939186E-003  0.13368061007060209      -0.14289594838283695       0.19571619851808589     
   1.3281650492571274E-002 -0.20216990403429896       0.15031558040769474       0.25227731973038442     
 -0.10932254212747915        6.0393126952500577E-002 -0.13370357096347316       0.18296281832301287     
   7.5162459865893941E-002 -0.15577985035402761        4.2406085372574329E-002  0.17808715064833122     
  0.17367892654302558       -7.7720229069216967E-002 -0.12889808912955555       0.22982497887079220     
  -7.8391834305870101E-004  -3.4305140813380437E-002 -0.22119109852570426       0.22383690330506778     
   4.2785432554025324E-002  0.13563787712416123       0.12585359129237975       0.18991406843826361     
  0.22430531557275712        1.1220521818217456E-002   3.0596481587833405E-002  0.22666036131097533     
   1.3189578407883738E-004 -0.14768682076985534       0.17725237395274063       0.23071588262945281     
  -7.8599005244158499E-002  0.11939816880187612      -0.15650058664418751       0.21195792025443966     
 -0.11043705753648944      -0.11484875903594940      -0.22028415188443121       0.27186704232190151     
   9.6887966289800079E-002   4.3836686618236691E-002  0.16781700718282125       0.19867430887066906     
 -0.20344190637717954       -6.3296633590089704E-002   2.2112861915799295E-002  0.21420562960932274     
  0.22102561188011841       -1.2437179701023592E-003  0.10270208509107739       0.24372440629412723     
  -2.6367206832188239E-003  -4.6103205707982528E-002 -0.17660375704033762       0.18254135113249401     
 -0.13376406517516115       0.16087110313903383       -4.0349522973564693E-002  0.21307374535955537     
 -0.13262702228139767        6.7913328569144706E-003  0.15628970833561667       0.20509149707590485     
   3.3262565483223851E-002  -3.7424851850742083E-002  0.24100721483301046       0.24615339810805092     
   5.2323426518869093E-002   1.4905425918254944E-002  0.18637732847852029       0.19415566243421881     
  -5.3873963264092183E-002 -0.26076756572722215      -0.13453210437971247       0.29833037787311523     
 -0.13848556463790640       -4.6639510335001924E-002   7.8408710506091078E-002  0.16583552520674361     
   3.2030912309268605E-002 -0.17389454408386618      -0.19364377407930358       0.26222738805314766     
 -0.10292208540915676       0.19323305714784830       -5.7577490639243847E-002  0.22637830608957560     
 -0.21026793639528746       -1.8862331464161303E-003 -0.26409970615442646       0.33758675587509307     
   1.1035662496442118E-002  0.20348372550418317      -0.13511628360771258       0.24450730559178996     
  -9.0462557019762899E-002  -8.3912240140289640E-002  0.11420894695102016       0.16813215585240210     
   9.9575593878571664E-002 -0.16817462755206963       -9.1219719491563142E-002  0.21568273336701535     
  -8.5055056535353349E-002 -0.15815126378846511      -0.19387533642843605       0.26426091454348694     
  0.28597908648726644       -5.3068609844005327E-002   5.8373832293369052E-004  0.29086191914600362     
 -0.20992943412665080       0.10285463460596218        4.9007885183808823E-002  0.23885396371601456     
   7.5494228744564129E-002 -0.16911986409963245       -4.3547026701819529E-002  0.19025575035037365     
  -2.4254296689948336E-002  0.20575968315249765        4.3840719733312328E-002  0.21177187449157431     
  0.15973805763068888       0.11039323564513481       -2.1939878513964790E-002  0.19540796248115141     
 -0.15768626899984090       -3.6984475082517329E-003   3.4346216432128845E-002  0.16142583599989227     
  -5.9268155937807328E-002  -3.4725767490789400E-002 -0.20782981148645768       0.21888769672731528     
  -8.8708254633353148E-002  -7.8653510035752036E-002 -0.19711509505685179       0.23002149851766396     
 -0.10113438538900792        4.2121577023435559E-002  0.26187670001595509       0.28386933115467072     
 -0.26938780978628246        1.4531131522320131E-002 -0.10527303002863152       0.28959170688432778     
   3.7805601693825734E-002  0.25664863392162329       -1.0500038258592730E-002  0.25963057527321298     
  -5.7422759679620454E-003   4.7616003727599540E-002 -0.11569826297302910       0.12524514201858372     
