  0.20290996849718512       -9.7363418333477156E-002  0.15157257456878473       0.27134173270346407     
   6.4701304700071627E-003  0.13473998376594529      -0.20170223276665894       0.24265307852281945     
  -3.3020964368445857E-002  0.20287129908567458        8.0855063800524651E-002  0.22087256376181788     
   2.7484613505393170E-003  0.15137155858390347       -4.6458646420077659E-002  0.15836448028235792     
  -8.3811749517795991E-002  0.12937057517386188      -0.19846145800868570       0.25129286777181509     
  0.23461749097848719       0.18258414509638754       -9.6742392929372450E-003  0.29744903432271591     
  -8.7357299811955988E-002   6.8459532298055251E-002 -0.12145442223390873       0.16452714691830347     
  -9.8065222392642287E-002  0.17932890668018181      -0.13714646639203937       0.24613979332454664     
 -0.19653995162133422       -7.5491809769259344E-002  0.10046692869615731       0.23328216752935316     
  -8.6723065614572964E-002  -2.6747113382498033E-002   8.9497726009371018E-002  0.12746035126553740     
 -0.11911902178555125       0.11435825485486183       0.14791225457619905       0.22168713733189502     
  0.18187540698206722        1.1078552506431423E-002 -0.13433216715843460       0.22637696244099567     
  -9.1519164433531836E-002 -0.10274860573035520       0.11131537743792813       0.17698628956021487     
  -9.3107492868186627E-003   8.8903909380635970E-002 -0.13252339611583339       0.15985320038559256     
 -0.10161553140758574       -2.3261762051198162E-002 -0.20610778215564796       0.23097022245755541     
  -5.0586481836366506E-002  -1.0195556539163708E-002 -0.11617279225885360       0.12711828813724277     
   8.4439731817558136E-002 -0.12055432553117719       0.15538278989741339       0.21402622528559881     
   1.4494029088566670E-002  0.16622186647525894        1.7014520121159924E-002  0.16771785733395353     
   8.5461741014612125E-002  -2.0098371201841929E-003 -0.11109987739924808       0.14018177977407142     
 -0.31199568679339335       0.12314352467985143       -2.9553245983836209E-002  0.33671802832108577     
  0.15247489212182577        4.8663598924633782E-003  0.22887139035114856       0.27505342664186749     
  0.19728175809604090       0.22028131714767199        6.6152377885985852E-002  0.30301829624916765     
  -1.0972165927542453E-002 -0.10526972967819327       0.16706889739020023       0.19777290230675854     
  0.14078393560355901       0.25813473228205175       -5.7844646042946875E-002  0.29966591332713732     
   3.2097796044064264E-002  0.14255207282561932      -0.17401699098325177       0.22722956482076040     
 -0.20363195585574989       0.15548591512177470        4.7417770064087988E-003  0.25625051745522837     
 -0.14090015432566977       0.20011595770303212       0.16904096497401488       0.29744595787427575     
  0.13743965803756777        4.6360288640387326E-002 -0.17756409846717000       0.22927700501524884     
  0.24232324221412929       -5.5867947554611316E-002  -4.2256467036326725E-002  0.25224470319022468     
  -2.6883796270431286E-002 -0.20801230274042493        6.7181815294081572E-003  0.20984992388930315     
  -9.2487941760615325E-002 -0.14811399399878944      -0.22332765135200797       0.28349076607147616     
   7.4897078253450045E-002 -0.12552102575176066       0.12020806897290523       0.18924872544583310     
  0.13238805679580432        2.4510102774371746E-002  -3.5453171430853248E-002  0.13922740421585417     
  0.27173856600957319        1.4393422073057941E-002   9.4124043733829751E-002  0.28793810873991699     
   2.0083276554755756E-003   4.9218550747357030E-002  -7.5392613998367219E-002   9.0058566295209835E-002
   4.8389732716575942E-002  0.13754485303381292       -1.4861741254138246E-002  0.14656406169856173     
  0.15393345704778114       -4.1141813605074400E-002  -9.2735308355562276E-002  0.18435833434156695     
  0.23776412430636326       -4.2802994798049818E-003 -0.13016852139347815       0.27109766456495515     
   1.3611256862026747E-002 -0.13097723933651745      -0.15136095507704814       0.20062512868386059     
   8.9816422197866591E-002  0.16777269740545214       -1.6568593324418956E-002  0.19102142805422853     
  -5.2532549764621357E-003  -8.0862104826599335E-002 -0.16949725447642153       0.18787122174479109     
  -3.7712001906862851E-003   8.3365498756557729E-002  0.17607945181329251       0.19485379566402464     
  -7.3470868528109801E-002  -2.9759005188870254E-002  0.12121607382914851       0.14483405492721518     
   4.7554977716524872E-002  0.11246313588413025       0.20092278445062822       0.23511571225655067     
  0.12754969051507789        3.7229240534380169E-003  -2.6009662244250664E-002  0.13022782438503613     
   1.8920593056721322E-002  -2.1141728608966546E-002  0.15810159656649006       0.16062713459147065     
  0.16685664568321393       0.13299240529980474       -3.5395024324688402E-003  0.21340254954791563     
  -1.2722507490985302E-002 -0.17874564774039914       -8.5682334900880772E-002  0.19862862658000666     
  -8.9023136778672185E-002 -0.17937615113489547       0.11233583363831490       0.22960893274674268     
 -0.13304842907999145       -1.4232813103360232E-002  0.22598552951258391       0.26262885789374257     
  -7.9426908093650384E-002  0.22721902907979377        2.8558359533434243E-004  0.24070147997731811     
  -3.5036053398985814E-002 -0.14063065972787286       0.18332904303317865       0.23369648160110246     
  -7.0180101556564192E-002 -0.18825905749966099        8.9072768481319453E-002  0.21977415105074813     
  -2.3388122699939801E-002 -0.21068644634084119       0.12639300425606015       0.24680148800206217     
  -8.8597300681128588E-002  0.15273973751684183        9.3108264035701049E-002  0.19961978342949346     
  0.16132631336933334        3.3271289608237553E-002  -5.4118783005441380E-002  0.17338396918840454     
  -7.6380727674347559E-002   7.0078354372447041E-002  -8.0818902012911989E-002  0.13144080886157761     
 -0.17622708721661573       0.16488812030001235       -2.8819620894982780E-002  0.24305277005920867     
   9.9224223246275195E-002 -0.12497089791481156       0.22008106327169830       0.27184342224019725     
 -0.10474233201859577       0.16675272333410482       0.10375599751552511       0.22258197113979361     
  0.15452203736741357      -0.20475175141781995       -3.7463423302810765E-003  0.25654312468218038     
   7.3627131089781306E-002 -0.21659180026831443       -1.3461395256931609E-002  0.22915970749292860     
   3.9378669055355857E-003   1.6133845808612539E-002 -0.21565232375313492       0.21629085167077391     
 -0.19603831187946580       0.14585811664584783      -0.10962776958359659       0.26781310233052191     
 -0.22223864465775109        7.3562861918398073E-002   5.7750660358939040E-002  0.24111542589563403     
  0.11303322034919258       -3.9254474248412850E-002  -6.6297799463604312E-002  0.13679481300380042     
  0.21249182945174747       -4.9946392629367349E-002   8.0095699346039953E-002  0.23251395823513193     
 -0.31481628476967649      -0.10342815200476443       -2.1180307973970445E-002  0.33204710694293804     
  -1.8555936243408233E-002   8.8567510604323454E-002 -0.26182703498126586       0.27702332564532789     
 -0.24799668352981846       -4.5456928683293374E-002  -9.9507622252742581E-002  0.27105433826725861     
  -6.0019704007019170E-002 -0.21381287183108513       -4.6723794924859362E-002  0.22693924746928756     
  0.11298092930997267       -7.9625321740387542E-002 -0.10642055964223686       0.17444259160128345     
  -9.7116410377227749E-002  -4.2978625630900075E-002   7.5150336330634324E-002  0.13010123933416864     
  0.23011597360895913       0.11436450756568402       -4.0282354500667472E-002  0.26010626671585213     
 -0.11914048665831350       0.21235096395010591       0.10249405899081571       0.26418254972675953     
  0.11931366097846569       0.12301217314577731       -8.7831775325569503E-002  0.19256730043019313     
 -0.12039421636357579        7.8627441934285197E-002  0.23744094199870977       0.27758826145239562     
   5.8262308461113514E-002 -0.24542540236310531       -6.7610855506439693E-002  0.26115005742795222     
  0.17968251963486184      -0.18412999276124314        7.3879611463646605E-002  0.26767117716819522     
   1.2249768679156250E-002   4.8190875917421966E-004 -0.16875887183708652       0.16920356347450605     
 -0.27537793598983118        2.0179100739203374E-002  0.11721194400176520       0.29996473718311528     
  0.16186915164497942        3.5545624908557083E-003 -0.14871559629637715       0.21984218373768435     
  -2.3708642334918546E-002  0.17023801574421371       0.19237396400364856       0.25797446337257746     
  0.24432320470442570       -2.8423376749002846E-002  0.14532546512969455       0.28569425531154546     
  0.21879830567984063       0.19040401559294079        6.8541588718524324E-002  0.29803412070825913     
   7.8015915189606308E-002   5.2204602949839821E-002  0.16506099276312877       0.18988663703370995     
 -0.12631900309241034       -6.1225271612260282E-003  0.19958653292845860       0.23628110378848119     
  -4.3031203982346396E-002   1.7457738591368930E-002  0.16658628437127074       0.17293769772239007     
  -3.9538625772906386E-002 -0.12300023181483632       -5.3839253996717323E-002  0.13996794356364764     
  -7.8650651397607657E-002 -0.19460289976075323       -1.7879025500736112E-002  0.21065581670919448     
  0.14325866086446196        5.1403367162347349E-002 -0.17023811706323752       0.22835578943732207     
  0.12354979257001113      -0.19485245264384626      -0.15855406989780119       0.27994896432487820     
 -0.14929804037910002        5.6541229898550871E-002  0.14885324548322754       0.21827529459462461     
  0.13243275967901752        2.0454049976783146E-002   8.4164587376977157E-002  0.15824184580884404     
  0.15209217160258989        5.3244325764899181E-002   6.6012478647020090E-002  0.17413969744453342     
  -7.4363772857997557E-002  0.14195129952462554       -5.2866675990455095E-002  0.16874545202963417     
  -5.2559051331164119E-002  0.12340170516881503        9.4967807107898400E-002  0.16434512193030279     
 -0.12201619190381460        4.2287301723871337E-002   5.7479414453033228E-002  0.14135080494874377     
 -0.12702208348511923      -0.15360473219915591       0.16581735801987638       0.25927672411453917     
  -6.3631034760159175E-002  -7.2808302171449332E-002  -5.9560874500435304E-002  0.11356696359854948     
 -0.16340418973535351      -0.12172366580087313        5.0739297226227040E-002  0.20998108562935250     
 -0.14094632946628546        3.5508334286086872E-002  0.10977112056132651       0.18214392249833775     
 -0.13261123202797356       -6.8978154235357350E-004  -4.9915318502499320E-002  0.14169599034467828     
 -0.12283815040771824      -0.12935440950460281       0.15676054977132289       0.23747767141034773     
  -8.5331710743218853E-002  -7.2214013987136005E-002  0.12902277507358001       0.17071391613511261     
  0.20636029127348243       0.12747302348831036        4.0040486180930167E-002  0.24583974874973552     
  -9.7051932790380685E-002  -4.3229985196840043E-002  0.25046927336325936       0.27207125202341154     
  0.18604671830464020       0.11868222284201672        3.8533428949564304E-002  0.22401713451711541     
  -7.0400479085122855E-002  -9.4579026812294145E-002 -0.16597752529620050       0.20359262921733279     
  0.18381595482731902        5.9080945196530406E-002  -1.1078597974263832E-002  0.19339492927031404     
   1.6713635004481846E-002   5.4518982885916230E-003  0.26078745315805635       0.26137934982449862     
 -0.10844694041331851        8.3542725629089779E-002 -0.17872358436042524       0.22512717627417900     
 -0.12016909425553861      -0.15203127886433326       -7.4328531346028348E-002  0.20755445439541573     
  -3.5032541177812196E-003  -1.6089008498631381E-002 -0.19815101142878275       0.19883398178916090     
  -9.2839110485688742E-002  0.18203903573038036        6.9956191132642398E-002  0.21598884147846020     
  0.19152462217064145        4.6690718351266619E-002  0.15082579566653928       0.24821386890383246     
 -0.11231956309870983      -0.15198664572135387       0.12623221113091476       0.22726679444941628     
  -9.1575663325564396E-002  -4.3205997841720696E-002  0.12867562136951680       0.16373843744780009     
   3.7193278334212800E-002  0.16322370459135568       0.11079925234739074       0.20075306227929163     
 -0.19006871750691892        4.9382356200002638E-004   5.1072856426033736E-002  0.19681157968968591     
  0.11243014420299226        4.2801072757934808E-002  -9.6280713299974285E-002  0.15408583617025776     
  -6.2436980936144353E-002   7.5312592976162634E-002  0.12908862111765987       0.16196985939140754     
   5.8066751393104958E-002   2.0642905512176759E-002 -0.18837262537373473       0.19819718251157539     
   6.9404520739052761E-002   7.7122294862855933E-002  0.21861995157438430       0.24199074174504495     
  -8.8148025672159278E-002  0.12192982511864840      -0.18389063368225289       0.23759781530861002     
 -0.20037736035607134       -3.5478966409178414E-002 -0.16234205313584224       0.26031670291606551     
  0.13106156626018797      -0.20533921306924099       0.13276430465229758       0.27743050871214014     
   1.6465617630333780E-002  0.19311716889861064       -3.9398334415456870E-002  0.19778166305821943     
   7.3262964500607930E-002   1.1746562485605672E-002   7.6264512560765940E-002  0.10640356936577269     
   2.7108570616259632E-002  0.25653127610366194      -0.10175575586478253       0.27730381185956171     
   1.1566868971787164E-002   7.8001430155921009E-002 -0.23398575360847154       0.24691567073781256     
  -2.0449688440808012E-002  0.18273107300490893       -9.1784614255482663E-002  0.20550729965838008     
  -5.2788482892047552E-002 -0.17636325980463860       -4.6980760191992377E-002  0.18999425034242470     
  -7.1701787884099130E-002  0.24595565075526488        2.5657206956846684E-002  0.25747547610024657     
  -3.2833764623990722E-002  -7.7269340797161273E-004  0.14132913447023085       0.14509506333638972     
   2.8341555368781154E-003  -7.7762016020973226E-002 -0.27912501605094742       0.28976842160369198     
   1.1515367080305625E-002 -0.15031203419133701      -0.16230506068285358       0.22151578730419338     
  0.17236102197257339       -9.0888453560835983E-002   2.9680516120405127E-002  0.19710394700077366     
  -2.1503550751816158E-002   9.0975598467098517E-002 -0.11921947646634136       0.15149998607356766     
  -4.5358966595244861E-002   7.3817310901232530E-002 -0.12496662871247338       0.15206278154446254     
   9.0866877921857853E-002 -0.12924265108915292       0.12334546681565359       0.20043591631189717     
   3.5497078549077812E-002 -0.17062414521520863      -0.15545039544258660       0.23353258222183162     
  0.21989094764088071       -8.9958297681758587E-002 -0.13404735116386982       0.27278785993928373     
 -0.19455297291526752       -5.6027572483003760E-002  0.13026539767026013       0.24074680055755274     
 -0.15269198015281837       -8.8498228751526520E-002  0.13379931843981149       0.22147016708826558     
   4.2275410777347727E-002  -4.9163518992217714E-002  0.13334683586755960       0.14827555628619815     
  -1.7627631250842362E-002  0.15253682646286632        6.5386936853256500E-002  0.16689418300806658     
  -9.7230482138382465E-002   1.5446498369079241E-002   8.0041618588746768E-002  0.12688192020549929     
  0.14357762744070665      -0.10937606832422074       0.14389276160452755       0.23083064412192839     
  0.25337760046841790        5.2001205089679692E-003 -0.10008524675194412       0.27247808405418322     
 -0.14572717660406359      -0.17040727987815982       0.14196096969486305       0.26538268208979132     
  -9.9520310089346406E-002 -0.10120669749100025       -6.3633728415586538E-002  0.15555172493220101     
  0.26616533327004827        2.5634369170686986E-002   7.1542139753751816E-002  0.27680206516223876     
 -0.19005061609033305        5.7539941185593996E-002  -1.0944835167366725E-002  0.19887149349466254     
  -2.8474458141357541E-002 -0.12975679680099245      -0.21894421182621121       0.25609410179599768     
 -0.12190881693012194        5.3461621564654435E-002  -8.1906064263575926E-002  0.15629621872832797     
  0.12068419131791679      -0.14109051719214949       0.11396345315110502       0.21785058349642281     
  0.13411274685909011      -0.13800398968242664       -2.0011424780669855E-002  0.19347296234903241     
 -0.12256365843313664       -4.6770209748780343E-002  0.12540789579095962       0.18148400264259021     
  -7.9974383543763891E-002  -8.0975012444727976E-002  0.21296949255218600       0.24147227464362137     
  0.13837681053378684      -0.20949635137325340        5.2946337860090592E-002  0.25659340916127221     
   9.8696569911860904E-002 -0.18415853843847957       -3.1687927945458060E-003  0.20896272739399860     
  -3.5957161305063393E-002  -9.0920846763905439E-002  0.15438655702174656       0.18274224146160878     
 -0.17192919244791524        8.7344429632698173E-002 -0.16631003949526285       0.25465216637713789     
  0.18633613112345623        7.4453339448990283E-002 -0.10311654378549114       0.22560468771599040     
  -2.5813019873426823E-002  0.13396888471362303       -9.3717781123083571E-002  0.16552038111674389     
   8.0896198398361513E-002  0.14661146198992359      -0.11570340607437761       0.20353474857955386     
 -0.10591715955685999       -7.3459882680260311E-002 -0.18519267888398291       0.22563494269331813     
   7.5617993983331466E-002  -7.3315463300650474E-002 -0.20419433625194336       0.22975762257305826     
  0.12406404119230677       -4.8721896136178409E-002  0.21369908879411059       0.25185910750160317     
  -2.9263287330561695E-002 -0.15117708804206748       -5.6913969003530275E-002  0.16416470936838051     
  0.20285826099140228        9.1744795382441902E-002  -8.8015793135161724E-002  0.23940626845058505     
 -0.11422594544100684      -0.12831866599641531        5.5041832473769065E-002  0.18039636907948539     
 -0.11048796658962039      -0.10762600451367993      -0.13172021042506207       0.20283284113552805     
  0.15250164563810084        5.5903509871752355E-002  -4.2791024304820555E-002  0.16796733640611719     
  0.11016705654275832       0.10861910163564072       -2.8794833524698457E-002  0.15736591760970373     
   8.7071117311326843E-002  0.11494751455950196       0.10675947892248880       0.17942100465957461     
 -0.15787148741614332       -6.8337569860787220E-002  0.12499936294364755       0.21264588105529153     
  -1.5480569808232252E-002  0.24945319943537256        5.7131247045266668E-002  0.25637965234994486     
 -0.24538332696037177       0.15979796882970704        3.0203468597535317E-002  0.29438175471241934     
  0.18043583944651898       0.13204252592237362      -0.16091698505768837       0.27547522009935299     
  0.15073647513313040       0.10708748855825671       -9.6905153782234528E-003  0.18515701777024599     
 -0.19376453570852201       -8.6796208772910499E-002  0.15478299081362748       0.26274712443888182     
  -1.6062206544828393E-002  0.11247152176661619        8.5635099684534116E-002  0.14227159936391817     
 -0.12358917093846761       -8.1983225038245316E-002  0.21759943816467633       0.26333447903856444     
  0.16691945810450956        9.7486213960272933E-002  -1.6973041171389650E-002  0.19404574597969657     
   7.4536754110015785E-002  0.15275773933342005       0.16249685447740347       0.23515076515836497     
   6.5842173892967343E-002  0.21247006223603071       -2.8004394985416618E-002  0.22419403504115301     
 -0.14919461392829983      -0.11011497436848340       -2.0483042260688179E-002  0.18655802160625345     
  0.12114025010204664        1.0521135206818463E-002  -7.0585771839410727E-002  0.14059873991964478     
  0.11663466351890242      -0.19079407222328792        5.7630977834867037E-002  0.23092715807352701     
  -7.8012925207520678E-002  -3.3326666658736619E-002 -0.12549539429666551       0.15147863611642504     
  -3.3002146227561258E-002 -0.11834297613663416        8.1951742766505603E-002  0.14768307214765275     
  0.17830972956311053      -0.10993740107623695       -1.8140012274211158E-003  0.20948480234308189     
  -2.8020737947276123E-002 -0.14208094965527868        2.4325271226399093E-002  0.14684643962416533     
  0.16574801957688165       0.11170413292756537        1.0653956550377833E-002  0.20015925183946626     
 -0.11218701025859949      -0.14587925492196421       -1.5341831285443034E-002  0.18466741476108212     
  -3.3588116909767783E-002 -0.25528383754312683       -2.9618156348573087E-003  0.25750101293032746     
 -0.18439389727191888       0.18497037096880375       -5.1370003301023648E-003  0.26123081031887363     
  0.12900958753835995       0.11663768781482439      -0.17362599619637215       0.24575152176698484     
  -7.1740550031331535E-002  -3.5777293177545577E-002 -0.16065584571922625       0.17954671255600826     
   9.7892079950518865E-002  0.12767476162509919       -7.9215414927427938E-002  0.17932870945609700     
  -8.9299302106927103E-002   9.6150651929556158E-002 -0.18415679195701401       0.22612615339045114     
 -0.33379175062831928        6.6681436459869695E-002  -1.4185380917874371E-002  0.34068250877856193     
  0.11846231188243569      -0.12740146204904979       0.14415661645198952       0.22593269337493621     
 -0.15737591816067417       -7.8979298959746522E-002  -7.5513890089041302E-002  0.19159137996650069     
  -3.9875556422773781E-002 -0.16748652537242650       -1.5967264059679607E-002  0.17290676592576076     
  0.20437849670333116       0.13091498117387743        1.5433147996862434E-002  0.24320255810242475     
  -4.2676796847149721E-003   9.2864852792440999E-002  0.19198947547873130       0.21331210155228283     
  -1.5979472903762112E-002  -1.5314683261703694E-002  0.17327840714785367       0.17468626008185567     
 -0.15599069032382568        4.2848718723016606E-002  -4.0048870143665427E-002  0.16665239321321507     
 -0.12746964802132757        9.2861770090467546E-002  0.17288084574544521       0.23400770572072283     
 -0.16844396086267743        8.9882617261102637E-002  -6.5944765314428971E-002  0.20199248725927454     
  0.13916959037784465       0.12174848881305503        6.5964218463000074E-002  0.19632154118087516     
   4.4450508262868241E-002  0.17348011406319311       -9.6420264205563849E-002  0.20339140839690487     
  0.19092482657199164        6.2478361053671258E-002  0.14538787844322446       0.24797876965522633     
 -0.20897850099087345       -8.1212666303293254E-003  -2.1456805907188986E-002  0.21023406804752692     
   1.5376380397494796E-002  0.21682646620385310       -4.1701579784854378E-002  0.22133497526855464     
  0.13939336213161674       -9.9173346125586065E-002 -0.13498630602890282       0.21791549922717737     
 -0.25591604372741367       -1.7756593377444126E-002   8.2313922816388135E-002  0.26941399357658780     
 -0.10842038380334217       -9.3231957045566707E-002  0.14971733072363641       0.20703250121085129     
  -1.6633338329924460E-002  -9.9110644270469520E-002 -0.14074219759633397       0.17293916252818736     
  -2.3624405434312067E-003 -0.13695885607687730       -5.1677502491422091E-002  0.14640312034570496     
   9.8750903981932592E-002  -3.1231269420259049E-002  0.12276646297702802       0.16061985449731819     
 -0.10522414838563587      -0.15652941590900210       -9.5631439369752824E-002  0.21146855946978593     
   3.1959186447222034E-003  0.23020533889600828       -8.5247982745006501E-002  0.24550342261219624     
  0.17708747406555181       0.18290655674825937       -3.8269675269343457E-003  0.25461623603547739     
   8.1508179977392944E-002  0.26689230677989351        3.8001925063620330E-002  0.28163670415991748     
  0.18668543391065370      -0.16847273094087237        3.1875663142797189E-002  0.25347696188387164     
 -0.12297928975185721       -1.0345825568659959E-002  0.10562794493163948       0.16244446609549323     
  -4.3828213657706450E-002 -0.15969895408688048       0.15837568975863542       0.22914521019517878     
  0.14895811058123834        8.3620586095689078E-002  -3.3341722446295859E-002  0.17404767043142177     
  0.11475505250623480       0.13726198297256725      -0.13232470951541497       0.22252955487667025     
 -0.15088801244632505       0.18807029725295762       -6.2659237501959911E-002  0.24912609067126068     
   2.4698929602677493E-002  -1.3449828865857999E-002 -0.24679113555360810       0.24838840473717419     
  -2.2370883357905141E-002 -0.22484061984732331       -6.4009321231684374E-002  0.23484240238952275     
 -0.15613999599700604      -0.19692795391084336        6.6785642724611100E-002  0.26003968823161533     
  0.11234834731829282       -8.5971296719607501E-002   7.6448126136151651E-002  0.16080277048151723     
  0.13049217965897955        3.7805188587343538E-002 -0.19239784039779237       0.23552997734048714     
  0.14981515245540983       -7.2070194794601958E-003 -0.19366109964038924       0.24495130648547228     
  -1.7063011203162309E-002  0.14967893799352888       0.20641477781996678       0.25554254309734054     
   1.0978702787861609E-002 -0.10798023513849433       0.10792748248571661       0.15306405381791438     
  0.25380493607418275        5.7352936106020679E-003  -1.5884754131279859E-002  0.25436620172937879     
   8.0350204471822381E-002  -4.9751957232274185E-002  0.22649514762899506       0.24542099442913592     
  -5.1051667248259158E-002  0.25809077370184752      -0.11396920932810554       0.28671606315956344     
   9.3464940051984621E-002  -7.0840658580824570E-002 -0.15280244259475267       0.19262056066268918     
 -0.17183133371217185      -0.14398368689705765       0.10157400311859578       0.24611905137008430     
  0.11408027362907332      -0.12005307903049048       -8.5008807652265900E-002  0.18615463463058171     
 -0.18162922393965528        5.2796341894732771E-002  0.22332378552054655       0.29266045493987403     
  -8.8080419481746344E-002  0.11285506199670559       -3.6569698877406784E-002  0.14775577210500060     
 -0.17043318354961845      -0.11119266533067311      -0.15610517514467639       0.25647632363465267     
   6.8571350023970995E-002   8.3185626475614463E-002  0.12221726637996416       0.16296913418694203     
  0.20309102284340710        5.1211017598068148E-002  -4.5573095612982284E-002  0.21434887199787400     
  -2.1797677293212622E-004 -0.21629690626194226       -9.1696209549865182E-002  0.23493104098474038     
  0.11412707797970374       0.19334399645239989        3.6317453166294929E-002  0.22743317325503995     
  0.18495217751932447       -1.2867820754394250E-002 -0.17500275571848276       0.25494872678475938     
 -0.11275744822941766       -1.3807977000724472E-002 -0.12864768791085501       0.17162496894354007     
  0.14775763438109213       0.18489164850630679      -0.10591742934411018       0.25929855773632982     
  -6.9486264561626099E-002 -0.16800298609294742        5.5993528934206303E-002  0.19023306647736396     
 -0.13562988981947180       -5.3185920430038836E-002  -3.8319079321175072E-002  0.15064050247013580     
  -7.0434790646131534E-002   6.1332972350918349E-002  0.15873406713887073       0.18417192321635351     
 -0.11184335461385481      -0.15789622780941737       0.13815700805791242       0.23775515473536632     
 -0.20487098405161008        3.8154544564705406E-002   1.4540460599012078E-003  0.20839866512806524     
  -4.2455534195437086E-002 -0.14055146993157958       0.25306610993648476       0.29257416851481033     
  -6.5298793791441226E-002  0.24314495576726025        4.9684740965002548E-002  0.25661639750888782     
  -7.9648359413561111E-003  -4.2551256861637209E-002 -0.13740684302844722       0.14406487629926346     
  0.16895849352660600       -5.3691769613388875E-002  -2.1486023814282711E-002  0.17858171204898141     
  -6.3465561052692188E-002  0.13840621962077546        2.7486900696936326E-002  0.15472455777726615     
  -9.0915736332876449E-003  -8.5431519119602603E-002   9.7419880392498631E-002  0.12989162507991520     
 -0.13928787143621696       -9.9230506915257630E-002  -7.8189659737229342E-002  0.18804634407963053     
  0.14041515329924856       -1.5887467234739168E-002  0.12401295512675847       0.18801074418888350     
  -4.5949081826697817E-002   4.1473730153708185E-002 -0.11128133680624143       0.12733783544164445     
 -0.10396048959565739       0.11866525884084017       -3.5286630627575033E-002  0.16166129207011584     
   5.9207429022706676E-002   5.7816233032288014E-002  -1.2714246121021851E-003   8.2763838565323558E-002
  0.11251375038649153       0.10183148872335074      -0.15215365405604220       0.21489469645445741     
 -0.10719422307569988        2.8414893515430396E-002  0.15602190468470464       0.19141797819363576     
   1.2046907822411333E-002  -3.9379260174893384E-002 -0.25251525050923834       0.25585114003995957     
  0.15143795041520955        2.2841620636353543E-002   6.4100737780446535E-003  0.15328496829465874     
  0.21386441471163425        9.3829564565367507E-003   4.5602118821219971E-002  0.21887343601451459     
   5.6445053451636473E-002   9.4673308910041679E-002  0.22355038112843303       0.24924656944841175     
   6.6685437427256203E-002 -0.16667972447169274      -0.13480082677041091       0.22450020270104487     
  0.11023529871682884       -5.3559234554955398E-002   4.2561232454318546E-002  0.12973770152631714     
  -6.8477422498870455E-002  0.10438437256667832      -0.11717616898440247       0.17121772456754925     
   8.2776973742239066E-002 -0.15978207436994260       -2.1073123909586395E-002  0.18118061492111673     
 -0.13814378173053310       0.16039962134174046       -9.9404833908804200E-003  0.21192110835740563     
  -6.2609154927148164E-002  0.14950984920455426      -0.12461252716619704       0.20445386574140972     
 -0.16290828887970524       0.12180501621978299      -0.17466063170264889       0.26810801709158838     
 -0.13690000535467317      -0.19356402633431066      -0.25673344637030066       0.34945773169588235     
 -0.13287958131688060       -6.7147042353805753E-002 -0.12633106410618264       0.19525687231443020     
 -0.20682416831049408       -9.7733617641020482E-002   1.5659520716502931E-003  0.22875871310273516     
  -3.9274626358410586E-002   5.6495792491245159E-002  0.18781356357603338       0.20002051271790933     
  -1.8313653427023562E-002 -0.19735244462384877       0.13142689214810749       0.23781590628165455     
 -0.16910012618217518      -0.11650523242061649       -4.7443976660805430E-002  0.21075875492515250     
  -3.5171714229737958E-002 -0.22404233886335839        2.0368387454777051E-002  0.22769912229240186     
 -0.17663783016805437        2.7245084215379016E-002  0.19292007339652856       0.26298549842092717     
  0.12713002274016114      -0.12041404998448083       -3.4138275682191160E-002  0.17840125555088512     
   8.8208353773788772E-002  -5.9355440736205523E-002 -0.13709512766608539       0.17349021888928301     
 -0.17447597319979985      -0.18612233501254136       -9.3635738800305388E-002  0.27175547905280029     
   2.8262870880409307E-002 -0.12403710974380572       0.27503393378092167       0.30303078918652476     
   1.7089041667654816E-002  0.11511408456440014       0.16021507597696283       0.19802060089930715     
 -0.17230742000373317       -6.6203440446916534E-004  0.11204153644673991       0.20553245769766329     
 -0.14591063170820126       -8.0540338116759147E-002   9.3693302788569424E-002  0.19119386364859828     
  -2.9084164128323389E-002   4.6192682304013251E-002 -0.20270966195730902       0.20993060651636589     
  0.18604805580590056        1.7333138897550428E-002   6.4861768650308661E-003  0.18696627306421262     
 -0.23448680157008869      -0.10048820944428982       -5.6339911726143103E-002  0.26125873382759707     
   4.9843850572087268E-002  -5.0184545592339813E-002 -0.15693259092748815       0.17213580728998989     
  -9.7279583479042420E-003  -3.0339064025774638E-002  0.20707633939334258       0.20951301228354630     
  0.19496136805216499       0.17799139413731163       -3.2501168147664627E-002  0.26598345315203037     
 -0.20466887586800250       -6.9171576934584186E-002  -2.0866520135225608E-002  0.21704715493929583     
  0.12065357043857845       0.18049560789918231        3.3497582815956453E-002  0.21967711893819128     
   5.7261018660471161E-002 -0.16300337841329993       -3.5774821849566894E-002  0.17643345349040959     
   5.8434442649598239E-002  -8.9907008028186366E-002  0.13970638369555921       0.17611282697645952     
  -7.7418439923239601E-002 -0.17267242953296419      -0.16724426845422663       0.25254708094086969     
 -0.27061700258646143        5.8293245649244495E-003  0.10476024431800510       0.29024515827715752     
  -5.4990365124468976E-002   2.6596245069419516E-002 -0.18221746417088486       0.19218351843272810     
   8.8148560161449008E-002  0.13137057864751253        4.0384400682143003E-002  0.16327675098180616     
 -0.10495555042850674      -0.11557012880114170      -0.14712558098085074       0.21451820159561327     
  -2.6623557750753941E-002  -9.4710485929100946E-002  0.23598463943165626       0.25567096045488424     
  -7.9314418235300901E-002   6.4288496394871456E-002  0.14677304730313578       0.17879070200479152     
  -3.2832903374090117E-002 -0.22642881501192041       -4.2788320616216430E-002  0.23276350270785784     
  0.12792105521679259       0.13364642978497859        7.2248849673784962E-002  0.19860780659690616     
  -7.6500861867365034E-003 -0.15042871193620250       0.17258272950059689       0.22906793689935237     
   9.0714180511058159E-002  -6.2056153328882820E-002 -0.10743287340533265       0.15369401744992187     
  0.15420930620804954       -2.9062667538111677E-002   5.6415292880796990E-002  0.16675681106457060     
   8.0044797430802977E-002  0.34585456546033377        1.4874133925805267E-002  0.35530802116689880     
  0.12706346538755522      -0.18633304743824072       -7.5801372440908815E-002  0.23793061355748546     
  0.23683060883354423       -1.9396524017752111E-002   6.1174776255314235E-002  0.24537179070611648     
  -5.1514978936441629E-002   3.6957997181684743E-002 -0.24105965233254883       0.24925778341546881     
  0.13706363085489495      -0.17325982099070639      -0.14757099982366731       0.26567386860926945     
  -8.1250512143312748E-002  0.15930911584181567      -0.19809002717827895       0.26687206482009868     
 -0.11827443475809366        8.1694280078372983E-002 -0.10371157977590206       0.17725374211701006     
   3.5000887720755824E-003  0.19977353014830534        2.9707107704990812E-002  0.20200055994359076     
 -0.16183434245428921        5.1743438481496450E-002 -0.13755571604805766       0.21860766876071486     
  0.12275524678064011       0.13083911510397228      -0.21180882066644874       0.27758008063526141     
  -5.0197662668237303E-002   4.1668611659448344E-002 -0.18856777153915269       0.19953416498991380     
  -9.7087156562183349E-002  -7.9244601894099348E-002  0.16563574679729506       0.20770369162771718     
 -0.16029228964778583        6.2601575874062454E-002   1.2627792394392875E-002  0.17254575208680609     
 -0.15174844388654346       0.10437297943046743        5.1818140576318832E-002  0.19132806576654496     
  0.14666180567446313      -0.15886258480456741       -4.5299109668496609E-003  0.21625800837853368     
 -0.19987197182198632        2.9056547059605836E-002  -3.5555180605294126E-002  0.20507866518707174     
   5.9199550005189422E-002  -5.4908771131480273E-003  -7.9006956430071246E-002   9.8877882342977952E-002
  0.17482587997575200        2.6444433025017186E-002  -1.4240837228175828E-002  0.17738714100032749     
  0.16375277814593237      -0.18151351868440893       -5.2877012572984806E-002  0.25011618954867715     
 -0.13068410375093181       -6.6432061324611033E-002  0.10233752550774196       0.17878624911348448     
   2.7094476014310916E-002 -0.25529769494724158       0.10688657527660705       0.27809308450629744     
  0.18806505614850175       -9.7984559096060062E-002 -0.11250847325931908       0.24005748420020426     
  -3.7415348592942849E-002   7.8960857349231514E-002 -0.15278821850352708       0.17600842314258330     
   2.4782780338770953E-002  0.11194971190280822       0.20883329655314273       0.23823994196123871     
 -0.12571195363886678       -6.7068637423991939E-002   2.9007430958118720E-002  0.14540676897724367     
 -0.16359794963520027      -0.12465221712179442       0.11644587206978714       0.23635165639426720     
 -0.20749982300459802       -1.9768528721419518E-002  0.16633690280777896       0.26667383919393667     
  0.18611007155245887        4.4193224553929079E-002  -8.1278993511987696E-002  0.20783713483412222     
 -0.10187983905362039       0.15918594697021279      -0.12296779809325922       0.22547892736639397     
  0.10263400897781606        7.9661658145771586E-002  0.22307536223793417       0.25815177089258512     
  -3.7406611918122716E-002 -0.10621018062287740       0.20394659994440711       0.23296796499094316     
  0.12480538147299747       0.16139024394131740       0.11280109788186618       0.23312503462179412     
   8.7035730905429876E-002  0.19772269518388133       -5.5898536972747027E-002  0.22314598154731360     
 -0.21389983808976545      -0.10441835178397085        3.9919977638857719E-002  0.24135023832347019     
 -0.15924624881825467       -3.5839538091592127E-002 -0.12709607619344546       0.20687496909262429     
  0.26026626397765296       0.12090840156845967        4.9808867096659840E-002  0.29127013746036162     
  -1.4737343979303551E-002 -0.17609567496307763      -0.19876116930512414       0.26595653492968813     
  0.24074984702702559        8.0070920877116855E-003   1.8906204762142914E-002  0.24162377148315808     
  0.12557079566753848      -0.14400351750665094      -0.14617138859847573       0.24056415490191721     
  0.13257059392516241      -0.12889408503307845       0.21731490364802661       0.28533211329560476     
  -8.0385940441997979E-003 -0.19597776778295528        6.5781934077161291E-002  0.20687959616726193     
 -0.14672173618716502       0.14812965766844735       -2.9553253649484960E-002  0.21057791468247150     
   5.2434324386578343E-002  -2.0471422154673673E-002  0.14456704542147655       0.15513886721517289     
   2.1227316828245968E-002 -0.17713450283795390        9.4820837210355863E-002  0.20203520050884360     
 -0.10663315822725454       0.10050288753981487       -8.3366088324423632E-002  0.16858637406349003     
  0.14194575814627022        9.4218168000549413E-002   4.6316785585645531E-002  0.17655284212973138     
   2.4573241299304337E-002  0.14552187210485346       -2.8584345756813262E-002  0.15032472940670877     
  -2.9729070808892193E-003  -2.3029931994746618E-002  0.23526765358098681       0.23641083893446482     
  -1.7070877378660958E-002 -0.20043993277258057       -3.4108906833028099E-003  0.20119447228889598     
  -2.8098671601209217E-002   6.3093176418165781E-002  0.10295920721853526       0.12397936363506500     
   4.6818556727901993E-002   2.7225020824560974E-003  0.19643143073073763       0.20195221278955408     
 -0.13663178332718645       0.14270756181002106       0.11636069560125409       0.22928912729071110     
  -2.9834970434451432E-002  0.10018718042818864       -6.6516135797375260E-003  0.10474655386307066     
   6.4871662214873199E-002  -2.2296494553781975E-002   7.4357070362476768E-002  0.10116540980393326     
 -0.27828124002817839        3.1132710731387455E-002  -1.1275220688277167E-002  0.28024422354559642     
  0.13933831022331611      -0.14290635488750431       0.12664077389159942       0.23637951809534094     
  -6.2165547111134908E-002 -0.20485255393301874       -7.7680989928435792E-003  0.21421827060843737     
  -4.7861329776407245E-002 -0.16730792216599999        5.5956663435456293E-002  0.18279440880480793     
 -0.10731160438430808      -0.12350025424440417      -0.12931617374385174       0.20854439821226742     
  -9.1357124901177963E-002 -0.10092366912827271       0.14701445743267727       0.20036207713723417     
   9.2154944431551811E-002  0.14070175989608066       0.12963471749138608       0.21235507764145461     
  -5.3124163015828375E-002   8.8312119320788390E-002  -7.2439301522290819E-002  0.12597086774369240     
 -0.12962559819684094      -0.18223604560628612        3.9789232750432321E-002  0.22714743024954812     
  -1.3222117730616264E-002  -8.8517121392364381E-002   8.8930548208679072E-002  0.12616951922540182     
  -2.1450102368950529E-002   2.6906809056581701E-002  0.27929550352408217       0.28140728767040912     
  0.13782272702950582       -6.1302002239427666E-002  0.12981778619733994       0.19901180160380119     
 -0.18146755898112746       0.11123022335273253       -3.2600525856104096E-002  0.21532633799830955     
 -0.24475360598570564        8.7180593725111107E-003  -6.1472411343411922E-002  0.25250582084102996     
 -0.16923445376627694        3.4316567065709451E-002   8.7275946330154383E-002  0.19348131156411322     
   5.4306803683077470E-002  -6.0958970601930076E-002  0.15866478791083619       0.17843693548677056     
 -0.10551243889333578        9.5439181740485379E-002 -0.11814962456738187       0.18493470728321010     
  0.19172747318041827        6.3519529143865924E-002  -9.7869660705775074E-002  0.22443846604686543     
 -0.15666817028502053       0.10851759043172912        6.8769336773472148E-003  0.19070468067241383     
 -0.12180333655906841      -0.24753554782290788        3.2501421767530014E-002  0.27778812546582993     
  0.15756967706299574        6.0272041089244506E-002  0.15938019436425077       0.23208396847345295     
  -6.7662197841698302E-002 -0.27029426960082054      -0.13255248115329202       0.30855684315163717     
  0.12711223899845392      -0.13067187534024546        8.7706444368522873E-002  0.20229948267829437     
 -0.12557230916986831       0.13156551382133727       0.23339729934805953       0.29589219084033491     
 -0.17180346079027628       -4.3672350239348796E-002  0.20025103983681347       0.26744005360205375     
  0.10428259940391459       0.10784344636262862      -0.10701517300138651       0.18427511148910794     
  0.10542824794640746      -0.12608871696221052      -0.10671621670157752       0.19596385104739000     
  0.15915624728712635        1.3448106063155480E-002  0.17094016204014545       0.23394892948145324     
  0.16556845387936570        1.4557149634270201E-002  0.13050703513598513       0.21132181559286167     
   7.5439675482490379E-002   1.6884853475195898E-002 -0.15771524133340337       0.17564264932708104     
  0.17320940920024699      -0.19637051063686953        8.8272795474684265E-002  0.27632401868856593     
   6.0778431200583891E-002 -0.10372751906911852       0.15263282794226987       0.19429409686630475     
  -2.1321302280147884E-002   7.7886614961839726E-002  -8.0428707066479727E-002  0.11397236349888037     
   5.5642712896469514E-003   7.7082063575409532E-002  0.21385193987680901       0.22738790167707384     
 -0.25790485638568550       -8.2721713832194260E-002 -0.22686143750682400       0.35330427214275106     
  0.14202428498316624       0.13339021146880101      -0.27262478537652907       0.33509419517841488     
   6.9357296862775017E-002   6.0493089463815986E-002   8.7249375806336849E-002  0.12681601665240769     
  0.21861389188283892       -9.4213037933112823E-002  -9.7543484684223143E-003  0.23825045132127484     
  0.20875036950420020        8.5307490661483219E-003   8.8680307095905325E-002  0.22696626911149989     
 -0.10159602553930211        1.2100221542979088E-002  0.26686449228198361       0.28580557203751750     
 -0.10845762713680558        9.7676308274627366E-002  -2.5096726611494036E-004  0.14595814834011511     
  0.10426071634072748      -0.11055545780243625       0.17799253969642403       0.23403877971261727     
  -9.3389577654319586E-002  0.10053643692937937       0.24143305756392228       0.27770327626726243     
  0.24847680156996216        3.8778898731494427E-002  -1.6106222892280340E-002  0.25199986968473148     
  -4.5676364138802945E-002 -0.19242188618990408      -0.19861370913767973       0.28028542235237236     
   6.9670923194563014E-002   4.0372189057232132E-002 -0.21974871636051838       0.23403728235080656     
  0.26129893657255676       -3.2548998643509928E-002   1.6954490189053734E-002  0.26386365097188924     
  -9.6082281757296092E-002   9.2918443415223623E-002 -0.23457986435709954       0.26998769371249454     
  0.10618775207006136       0.11715511023613678        6.2561497491168294E-002  0.17004440453149772     
   9.9369971984890032E-002  0.15645058980888030        4.2123571596039987E-002  0.19006728721121649     
 -0.11856725818657259        4.4697464960180719E-002  -3.2274977374868952E-002  0.13075829706866118     
 -0.11482568144076841      -0.16150121865983230       -1.2550797204699086E-003  0.19816446697642978     
   2.3607127909545233E-002  -7.7465062402243948E-002 -0.14135251142742677       0.16290692087189543     
  -5.6766130336770471E-002  -5.6200989820621473E-002  0.22741233414998954       0.24103384520389520     
   9.6603729076514919E-002  -3.0894608221170915E-003 -0.15224551326631913       0.18033447132865377     
   7.6793024073058547E-003 -0.20599750320933141        8.9743051271546706E-002  0.22482828617740430     
 -0.11934394826088610      -0.12854060274987700        8.7384668964882825E-002  0.19596363160520602     
   3.8440707896762523E-002  0.15408161196366188      -0.18805632363067279       0.24613819700812192     
 -0.20086820158258967       0.21544360070211063      -0.10208887238259072       0.31174688026484448     
  0.16119342393581876       0.17244059662152000      -0.11944369522704192       0.26454843717706755     
 -0.14016148374239826      -0.11065815285894061       0.18212934846733714       0.25507169167149840     
  0.14404105799108827       0.15882856030506090      -0.10730039817947985       0.23976595547584595     
  -1.5463491763341851E-002  0.22906550763758898       -6.9599426742937790E-003  0.22969233154115251     
  0.13663985374171134      -0.10432394760720201        7.4886464926996715E-002  0.18751511486855879     
   6.3289694553594261E-002  0.15679499756990434       0.21882943039588021       0.27654398620656884     
  0.10254813363132653       0.12616404057698868        5.5285802452928134E-002  0.17172654075257163     
 -0.13072041258582384       0.13505412022197799        6.9808131000381121E-002  0.20050091473433948     
 -0.22048310189860471        8.4383936904801546E-002   8.2424406123352029E-002  0.25005445357995787     
  -5.3028011535328681E-003  0.13486061356291060       0.22337518251743893       0.26098271390139571     
  -9.4666916768869486E-002   4.2622251494266079E-003  0.20543973957364378       0.22624207895489964     
  -8.5348467725854013E-002 -0.19110956918506888        4.8480478878389292E-002  0.21484316421411162     
 -0.23013442760681818      -0.11704072843153265        4.2282750983304890E-002  0.26162610327033076     
  -1.4521096299764776E-002  -4.5443488259406840E-002 -0.17749559406648480       0.18379515438646429     
  0.12377236444508223        1.3639031016817689E-002   7.2797037040862350E-002  0.14423948824553093     
   1.2105051478281750E-002  0.17792455572273852        7.6062281606945031E-002  0.19387921622412224     
  0.15295990933870968        4.7169181014287243E-002   3.3665114293553122E-002  0.16356957364639327     
  0.22692071063028507       0.14487175077995562       -2.4641461138681400E-002  0.27034798814500599     
   7.8096175603461229E-002 -0.13098710742069258       -9.9163541462797947E-002  0.18190668736957077     
   6.5034575997808375E-002   5.9646986406066103E-002   1.1776129122708161E-002   8.9027727588964337E-002
  0.11825843573640793        3.0510790587841730E-002  0.11813885126512563       0.16991984623157100     
  0.13682883981430163       0.13796885457979360        5.2921508714705839E-003  0.19438503826126755     
  0.19219115408046641       0.19645776102682819        2.2328857393732141E-003  0.27484191338509673     
 -0.19563453896366814        1.1517064769826352E-002   4.2404149804294758E-002  0.20050842260878829     
 -0.11011233999958953      -0.18992344201073796        6.0393898234044632E-002  0.22769072047252056     
   2.9025608349112459E-002  -1.1844363282302487E-002  0.12140429824749312       0.12538651647830992     
 -0.13203079738166512        4.6926129080784224E-002  -4.2550743209316809E-002  0.14644029088816354     
  0.11472980788258479      -0.16936825326919833       0.11803269529097327       0.23617843083119563     
  -4.0024698814434316E-002   9.0397029008409485E-002  0.17084334121955874       0.19738552785803723     
 -0.20604186746051559      -0.30514800163397116       -1.3134421466499104E-002  0.36843054579538104     
 -0.19237966297364953       0.23863972829829727       0.10282734690521847       0.32331458043166916     
  -1.3490891838399258E-002  0.18468521309670544        2.4177194888589736E-002  0.18674894605285391     
   4.8698199648861483E-002  0.11120089411670715      -0.18739263502258521       0.22327819679069275     
 -0.20592616344025183        8.8636020170449373E-002   3.8868106180131687E-002  0.22753605986504119     
  0.18962419233013614       0.10199311993057257        2.4583746510301541E-002  0.21671246254544610     
  0.16323444725527403       0.14966221955280445       -4.6188487593495892E-002  0.22622475796954938     
  0.12518107098305281       0.15527187621638214        7.6211640460621018E-003  0.19959393331871736     
  -8.5853945057289979E-002  0.24873739502966974        8.0939851430863186E-002  0.27530428822976288     
 -0.16657122990052309       -3.0320465270768766E-002 -0.17248913021545437       0.24169775606590307     
 -0.21902258898513652      -0.16050974401196763      -0.10290548280522831       0.29038562429968284     
  0.12457509336662370       -8.1598876189994160E-002  -7.3562676963392123E-002  0.16609875955224165     
  0.25302264300025867      -0.12134154997746507       -4.6403348115154452E-002  0.28442485886094099     
 -0.10979709405883463       -3.5901151993246810E-002  -6.3677524638635102E-002  0.13190573043772880     
  0.17102259135888798       -5.5240448040323215E-002  0.13326745901744330       0.22374192608398355     
 -0.14268811632560705        8.6043139407049243E-004 -0.16331927522619180       0.21687283034797711     
  0.10821138080289537       0.11074655214307805       -4.6657382296830849E-002  0.16171398538667386     
 -0.19042037668854908       -6.7576732667034303E-002  -9.2593602036652123E-002  0.22226135470270728     
  -6.8497754837875832E-002  -2.9295509908524430E-003  -4.6325736855315824E-002   8.2744175517227278E-002
   1.1248999024881462E-002  0.16453026790381090      -0.18689065185270734       0.24924860036816945     
  0.16540322824072445       -7.3219090831794370E-002   7.5274666613216926E-002  0.19592227695802919     
   6.4678509258276617E-002   4.8118842657796305E-002 -0.20357803719471806       0.21895832892733891     
  0.18460640872540768        1.0671446276977546E-002 -0.18091854848789091       0.25869852549850381     
  0.22536443994417160        4.1004106890331328E-002 -0.13857165200780028       0.26771733285948213     
   3.6012971405905175E-002 -0.15793443755946415        1.6951221799703077E-002  0.16287284794344806     
  0.11745813962720636       -3.4541905631326267E-002 -0.20319952790613888       0.23723323112625994     
  -4.7752481186722193E-002 -0.17382612926556726        4.3401080022560309E-002  0.18541703379695901     
   9.1714568367007962E-002   1.4435644037552955E-002  0.13617682566510103       0.16481528362912473     
   2.2453563546825619E-002 -0.19491463157905600       -3.7528728648662931E-004  0.19620401871546328     
   4.2734581595493454E-002  0.17516455973505901        1.2669289056997594E-002  0.18074672427606733     
  0.12781405829664083       -7.8577643492452734E-002   1.7466385108459818E-002  0.15104950898245623     
  0.16221896727541885        1.4912530993409938E-002  -8.5930384675844934E-002  0.18417765319134541     
  -5.5823475981223752E-002  0.17876866066011873        6.2944536942485807E-005  0.18728186902862134     
  -1.2914912435192893E-002   5.0715950974934455E-002 -0.24942110570461207       0.25485248795609572     
  0.21484050249365480       -3.6478882886831723E-002 -0.11790192887658642       0.24776604941197433     
 -0.13810959296948830       0.10053235359485552       -9.5687766252449152E-002  0.19579878038410284     
 -0.20533025996435619      -0.12670547697165660       0.14054345258044779       0.27922617286865797     
  0.10327141668890705      -0.19906169293660250      -0.15100631385600533       0.27035800325512555     
  -2.4262316909462196E-004   5.4304534332604945E-002 -0.12460941348383044       0.13592846370009290     
  0.21859184493223391       -2.2995009658751286E-002   3.0377237487682882E-002  0.22188722743201544     
  0.15810797482931604        6.0180309005935094E-002   7.6087911057726568E-002  0.18549709298478503     
   3.9344682987115950E-002 -0.17646918770221670       0.13386245048440393       0.22496340577375321     
 -0.22278032820107063        6.9219933472871170E-002  -9.9405421639189098E-002  0.25358215961425684     
 -0.14495050734567830       0.22566065816281342       -5.5144482735321930E-002  0.27381434622457212     
  0.25221559379463787        2.8606353848004897E-002  -1.6124968261539280E-002  0.25434434107149839     
  0.20132791187166460        3.7521655118029573E-002  -4.9399457349746205E-002  0.21066824413719903     
  -2.8825630410427749E-002 -0.19160451061131101       -2.7552352175934255E-002  0.19570983001777217     
 -0.25284353660258341       -1.0749628122081590E-002  -1.3516771890247440E-002  0.25343265698957973     
  0.11610561953810954       0.15121835339542630      -0.13904339456125156       0.23596730888635434     
  -3.6410029596237667E-002 -0.10480054823539788      -0.14013971860637622       0.17873999523529471     
  -7.6783855224088482E-004  0.18878581033323530        1.0015896046036771E-002  0.18905287602367654     
  -5.4850652197115643E-002  0.17771406390774888      -0.14758301477141009       0.23742710208835605     
   5.3872880124966105E-002   7.6592260479815280E-002 -0.14867194910968115       0.17570432558829752     
   5.9658161633112480E-002   1.3844303357971197E-002 -0.17536269897409981       0.18574939347516281     
  0.24541482426934169       -4.5894590896325506E-002 -0.11972591430031469       0.27689175502304009     
  0.11719338254779681       -5.3558679068951343E-002  0.20285435028068663       0.24031793200759005     
   7.0202519386728487E-002   7.3476566563857315E-002 -0.21480540917637239       0.23763114983874845     
 -0.25239906831243641      -0.28720271813839682       -3.0860204699815517E-002  0.38359228775509013     
   6.6354806308176764E-002 -0.15661906899572675        5.3440993989308884E-002  0.17829310960283692     
  -5.4208296915733291E-002 -0.21942336070203894      -0.15188091825325897       0.27231041846711362     
   9.7125306659420457E-002   1.9716314442306010E-002 -0.21112301149566665       0.23322732308173871     
  0.22909445297616707        7.8736903373904071E-002   7.8143933992560324E-002  0.25453927547078925     
   2.9509978068736935E-002  0.17370990366986405       0.19864627274922408       0.26553024519961921     
  0.13576066914629500      -0.14200424271856779       0.11825809706353548       0.22930578221713527     
  0.12313621687372690       0.12238733489111540        9.7215319372779829E-003  0.17388414485205675     
 -0.16991210563573342      -0.18642554498614708      -0.11005961028427336       0.27520487873741756     
  0.16944600354193043        2.8902575272238551E-003  0.10977242266496869       0.20191653345539118     
  -8.4376696591687686E-002  0.26863499512035222       -3.9823627567110317E-002  0.28437670235735080     
  -1.7435688384040832E-002   8.3481942361810224E-002 -0.11598856820020960       0.14396730838305150     
   8.7090156058935303E-002  0.14775985607137618       -4.4191832701715075E-002  0.17711744246725078     
  0.18880935915566704        1.2007650749500118E-002  -8.0385923189300490E-002  0.20556034254761241     
 -0.14509813366502214       -7.5820190651512853E-002  0.16803017272256643       0.23459818551872880     
  0.18034273885489194      -0.11650106279318079       -3.0214597072289375E-002  0.21681541219633166     
 -0.23027925355502948        2.9234686280174553E-002   4.9096660045880515E-002  0.23726289960173408     
 -0.15212859491889202       -5.0716860182436554E-002   9.2434612580051867E-002  0.18509313034682148     
 -0.14713413615388540      -0.25545210735526075       -9.1127346951949725E-002  0.30855862738950401     
 -0.13651206247903108      -0.19546992826686999       -4.2120655885035954E-002  0.24211192806452100     
   4.6800490621205892E-002 -0.24408085366847707      -0.10249752726875083       0.26883357704372868     
 -0.19191098391002165      -0.11342648378016705       -1.3495543715915603E-002  0.22333276219183176     
  0.22861187007638523        7.0667860407709268E-002  -9.7031952082593902E-003  0.23948170208113001     
  -7.2998730752253990E-003  0.11756153583534512       0.20858442212636411       0.23954428402420458     
  0.15342785426591579       -2.7213208378553726E-002  0.21199347822487077       0.26310055109173835     
  -8.6434528820912265E-002   4.7422420234821898E-002  0.16598351215880600       0.19305527711511450     
   9.4082668287973431E-002  -9.9508773087906927E-002  -9.8854084200249905E-003  0.13729991148313275     
 -0.17393369676326537        7.3525197232223283E-002  -4.1523956238013776E-002  0.19334716041211819     
  0.19033591641719502        7.1360733609411031E-003 -0.15152443661219400       0.24338927567177027     
   8.8646453308278264E-002  0.17124304863202025       -5.3387033912656839E-002  0.20008136039850483     
  0.14991354485604547      -0.11770526049486839      -0.22351386636755632       0.29374657059792925     
   2.2014016832059731E-002   4.7783820369474983E-002 -0.25032925435372821       0.25579805709089742     
   1.0733832847018579E-002  -7.0795891485344140E-002  0.17115767090093573       0.18553226599981304     
   1.2021809124423823E-002  -4.6682226862490711E-002  0.17773099083607205       0.18415227205504975     
 -0.10302745243025969        7.8526386951544153E-002   5.9902514495675130E-002  0.14272126906960167     
   7.8422010876062168E-002  0.20048573090661317       -6.6782638549369264E-002  0.22539844919302313     
  0.15247014634106376       -5.1709657379784411E-002   7.8149915395318847E-002  0.17896492245100876     
  -1.8789710475548650E-002  0.17377973352930462        5.7749643059145641E-003  0.17488796190134315     
   8.4706830493659707E-002  0.11236462084314275       0.22790839236743668       0.26784938017664761     
  -4.8844356937957939E-002 -0.21255597516650707       -4.8932324154550247E-002  0.22351775350256495     
   8.6742164016518783E-002  0.15537151676661751      -0.12450015712949264       0.21717458499073114     
  -5.7574926152785713E-002 -0.24832139931041941        6.8858273208088350E-002  0.26404516898853353     
   3.9132869519912863E-003  -9.0499736572759129E-002  0.13099694832114886       0.15926618160790182     
   8.2650042167377851E-003  0.16778807670008633        9.7408786244640888E-002  0.19418965115337863     
   4.0992095230019399E-002  0.10811161570632659       0.17430268137739569       0.20916476294378397     
 -0.15191777505825060       -6.9760445917738473E-002  0.11514581955517546       0.20298790593117605     
  -2.7394434438509759E-002 -0.16773103364791064        6.2908172626366929E-002  0.18122249548549740     
 -0.18558122472796404       -4.9671135530526808E-002  0.10013514673751812       0.21664408666882035     
 -0.12570875016994448       0.17250880213153022        8.4804294229827298E-003  0.21362091275280881     
 -0.21264522647398909       -4.3441515289234761E-002  -9.5923709000012611E-002  0.23728993982282104     
  0.15726805006080899        3.6985251381210831E-002   6.7708234312301496E-002  0.17517292423017319     
  0.13858965315731450       -7.6930241446716174E-002  0.17347999883879953       0.23499077430491749     
  -5.6736501783455198E-002 -0.19222824774010200        9.8068776055448455E-003  0.20066615238306679     
 -0.21783168118136972       -1.1616021445511944E-002  0.10986018470018523       0.24424338980386617     
 -0.10923444191453413       -6.5441650987593636E-002  0.10962837898843988       0.16802724321964804     
 -0.10709940993232217       0.11476071555265645      -0.15937078388735654       0.22369477463472368     
   7.1764263526879146E-002  -9.5690375230487013E-002  0.12247366697896538       0.17119157845694769     
 -0.12820878428189200        7.5014353009686174E-002  -8.5629891521709980E-002  0.17145589475583028     
   3.7189171555971026E-002  0.26708554692593045       0.11621566256808330       0.29363890083550143     
   5.6959781529789588E-002  0.14116983827532731       -8.9847994435019399E-003  0.15249284105046826     
 -0.10495930311688491       -7.3410282555411072E-002  0.18141039247779800       0.22207038387546441     
   5.8422178911232990E-002   4.9025321092982313E-002  0.25917223537448841       0.27016084225145459     
  -4.3028628442320756E-002  -8.9000234882028934E-002 -0.32744389148516495       0.34204094308376604     
  0.12274007072133628       -2.6804935692468852E-002  0.18469243592616827       0.22337172029264984     
  -8.2840609240941804E-002  -3.8420505320671081E-002 -0.18554455854158552       0.20679817449121254     
   3.8950217425016621E-002  0.23482986210982837      -0.21141001688382935       0.31836516583131091     
  -9.0729069756426875E-002 -0.10373083174259340       0.15498102349093498       0.20739085610309471     
  0.20001901933692440       -5.4014910192270463E-002   6.5094591215169750E-002  0.21716934503988825     
   6.0787654976730936E-002   8.9118748224861488E-002  0.19599280992653109       0.22371962771655438     
 -0.13594332294634828       0.10838856348763687       -1.3280301122326806E-003  0.17386900647495410     
  -1.9538024410833653E-003  -2.3763509743309832E-002  0.11493800092081757       0.11738511743391078     
 -0.12184041202995707        4.9203035477249163E-002  0.12853196829459904       0.18381102137110539     
  -4.3912351038316089E-002  -2.4493258259026620E-002  0.19987346072904830       0.20610098150581935     
  0.10155892260665797       -1.6345159587130738E-002 -0.19160548873672695       0.21747193455017111     
 -0.11685054907799883       -1.5333724540711406E-002   5.8495002173512188E-002  0.13157066241149440     
 -0.25906114219689974       -8.1745834131587952E-002   1.5637543212278858E-002  0.27210216748851390     
  0.26862302086725182       -7.0933463434444594E-002   6.1988174450001050E-003  0.27789981812223291     
  0.16969338464061456       -7.2601220008648146E-002  -3.0009954240110331E-003  0.18459628357869676     
  0.11758280982668474      -0.11522878147324142       -5.5006215992827935E-002  0.17357728262764105     
   9.6812373111045180E-002 -0.10025194198441872      -0.18033208889966107       0.22790952096381303     
  -9.4892536898959212E-002  0.25944928053158295        3.0664124882335206E-003  0.27627509046786025     
   6.0213279886137575E-002  -6.9410777561405887E-002 -0.17465356570647206       0.19735086300878002     
  -1.5236339144722097E-002 -0.14787283598993808       0.18874171025792694       0.24025393825144128     
 -0.12566555296774864       0.10545530709001054       -8.1561032251979804E-002  0.18320713681007889     
  -7.7477292197070155E-002 -0.13904909773122698       0.11810466574171764       0.19820720081778401     
   9.8669739899460249E-002 -0.22960360834526944        6.5834044282196483E-002  0.25843307823021655     
   5.7117003668031054E-002 -0.25773621570323824       0.11794388923084993       0.28913849622618398     
 -0.16686527631364395        5.9131985315960173E-002  0.14730955398145071       0.23030570297074629     
  -2.7760096055121534E-002   1.4055914810652340E-002 -0.17156198869077763       0.17436085465977849     
   1.5182982724803208E-003 -0.28158619142625313      -0.16969933493049372       0.32877188551857439     
 -0.17785374633698062       0.10922471841091715      -0.10686503417606989       0.23448268534690525     
 -0.21889011844466744       -4.3387398016755452E-002   6.7309222905499830E-002  0.23307913194348212     
   7.6598667615200358E-002  -4.8160764419464069E-002  0.17281561059477124       0.19506934760524183     
  0.14972869653753906      -0.13808327238031343       0.20545592980149463       0.28930574098811623     
   6.5903318001369476E-002   7.6038537049696403E-002 -0.12139907800920317       0.15767955663855818     
 -0.18730263950392678       0.15240464949445442       0.21009151676350282       0.32007483713758983     
  0.19273543531329579       -2.7670360196646884E-002 -0.15321953362454988       0.24776767816432874     
  0.15681705967238516        9.9526472910971817E-002   4.3412264597107550E-002  0.19073996364642645     
 -0.13336739396586000       -1.6380098247373763E-002   8.3428747099959427E-002  0.15816297049090700     
  0.24966903666197093       0.13265708653869032        9.7267076554151274E-002  0.29898731521260441     
  -8.0888019672687633E-002 -0.11730587226843812       0.17925123948776620       0.22898590841606112     
   2.5902845013823960E-002  -2.8421261506019677E-002  0.28826526561049098       0.29081882477393151     
  0.15026678331591181       0.15271078736032617      -0.12314860151497162       0.24711590155110458     
 -0.19681967307462703      -0.13675364272936003        3.7915297937321714E-002  0.24264606390095919     
   8.0381195736476813E-002  -3.0257589391682889E-002 -0.12520481144113460       0.15183182522722813     
  0.10218003728180068      -0.26524294642049129        2.6609841962066443E-002  0.28548671481170529     
   7.4859493564832041E-002   6.5869611571790762E-002  0.14746155794103680       0.17801028221931303     
 -0.22082094675149183       -2.5813722067897633E-002 -0.19610066757057007       0.29645186893127712     
  0.16335603672719162        6.7144914311033102E-002  -6.3669631189122888E-002  0.18774305896306923     
 -0.18153685823629756        6.1323659433638718E-002   9.4485819646169755E-002  0.21364407836129470     
 -0.11628310914608493       -1.7654690593135635E-002  -7.6636783052840135E-002  0.14038036219253652     
   6.3803582462755706E-002  -5.2937314869375598E-002 -0.19032507536161902       0.20759790642505779     
  -5.4220167064411046E-002 -0.18591509935608522       0.11344086619328567       0.22443948139255410     
 -0.17792394168627490       -7.5378067515894818E-004   7.7722071248745722E-002  0.19416028834363194     
  0.20755055842407016       -7.2622927771393807E-003   2.9622960327803382E-002  0.20977963432398977     
  0.19315696668391852        4.7786504330800186E-002  -1.8946127737644831E-002  0.19988026298497094     
  0.12721276674157758       0.14974828122050557       -8.4103118248834374E-002  0.21373106992133845     
   9.7220530474918229E-002   8.3740014570149915E-002  0.14609219646404889       0.19444061163687920     
   1.8745245003180033E-002   7.2264414723371723E-002  0.17439132859791229       0.18969940784221159     
  -7.1273267975770091E-002   8.3582160707219078E-002 -0.28004052022007242       0.30081314678976734     
  -6.8931237595250106E-002  -6.4091450884087797E-002 -0.11641411187101475       0.14970462596579104     
   4.4163023517518205E-002  0.12793297441904075        8.6067806533336635E-002  0.16038979366334902     
  -2.0070054473839236E-002 -0.20104046529805472      -0.11556317219633627       0.23275506985224034     
  0.11340860245616741      -0.21889742300597231       -8.0803955625151774E-002  0.25943568018757190     
  -5.4832533345155698E-002  -4.8437347794964641E-002  0.16416692233660668       0.17973191637528219     
  -4.3242854012697111E-002  -7.9068519091786124E-002  0.16487505203187688       0.18789773260219425     
   6.8469642866063732E-002 -0.15335545266501407        9.9998261744279893E-003  0.16824382122329623     
  -5.2970142420913455E-002  -5.5407279429777849E-002  0.17544783995890534       0.19146212980155369     
 -0.12419617078327169      -0.17433696715264868       -5.3034427251280693E-002  0.22052373438494705     
  0.20669439009210669       0.13364552796344376       -1.6437315192291465E-002  0.24668579888373454     
 -0.14303763512727391       -3.1921287264016135E-002 -0.18435616176272926       0.23551205494258798     
  -4.3943473056055886E-002 -0.11440926733669876       0.20816657858211454       0.24156538186448029     
 -0.20470782002656962       0.14298250621560066       -6.5113398978619411E-002  0.25804852913797743     
  -8.7630252409530929E-002  -2.1906032993424820E-002   1.1737469259667455E-002   9.1086242668631134E-002
 -0.11055732763411329       0.16252414350753475       0.22897380709782877       0.30177147687170192     
  0.16525746258463345       -4.2439986355348576E-002  0.11666720756693073       0.20669402193391806     
 -0.10515373793856642      -0.12585011153359552       -9.7021767353988181E-002  0.19054863556573301     
 -0.13414549477489213      -0.15909995196017540       0.23780828569500051       0.31600726135221280     
   9.9496886025648573E-002   6.7515550028790103E-002  0.17636401312895825       0.21345314462767306     
  0.11812616799587851        6.2482402968152537E-002  0.11468563219978248       0.17609837159703917     
   9.1487397025273962E-002  -8.1670631769279370E-002  -9.8677247211064814E-002  0.15740786201841039     
 -0.20432933609900236       0.10863547241834409      -0.19713138110900971       0.30399494218845402     
   4.9710434696741246E-002 -0.31362840350308491       -9.5519250183693866E-002  0.33159889921000629     
 -0.20713422547855764       0.15996933475887412       -4.4566236826746063E-002  0.26548243801181332     
  0.14538723506001272        9.8160003614331012E-002  -5.7636745889323250E-002  0.18464785106973569     
  0.11522583043492790        5.8931406355550747E-002  0.22502499257499006       0.25958842412140826     
 -0.11323775142815108        9.1551770943430449E-002 -0.22667694009202533       0.26941965459272960     
  0.11541637307337090       0.17838453547955288       -3.6392723132125902E-002  0.21556069207682316     
  -3.5046227874582822E-002  -9.2924779449397837E-002 -0.15479363019280459       0.18391389472310993     
 -0.12552667576658166      -0.22578064675481666        4.0044548567774348E-002  0.26141425486768821     
  -9.7516141747767626E-002   4.7925047056696271E-002  0.13431019643518358       0.17275831934588523     
  0.18796367118166357      -0.19548740178560348        5.3651697279795824E-003  0.27124610778255331     
   2.3796370128658664E-002  0.16553540570989034       0.13056777660757934       0.21217017241611710     
  0.18384150088823700       -5.9634038961386727E-002  -2.8231061238676504E-002  0.19532257644816622     
   3.1404946999612562E-002 -0.23274778620145942        3.5197223647907089E-002  0.23747978278213394     
  -8.0154931508922875E-002  0.17656879909945156      -0.14748979565793757       0.24362798214458614     
   7.6385996468663148E-002  0.24821933559709211        2.4842698298845563E-002  0.26089235074938461     
  0.11084339712065161      -0.10127358110384135        7.4169351405192027E-002  0.16746250207944963     
 -0.11388364608568506        6.7438072821726980E-002 -0.18526206929823508       0.22768270209293939     
   3.7000718567531940E-002  -8.5616088440653978E-002   3.7073132801532967E-003   9.3342980165349268E-002
  -8.3787037855644855E-002   8.7489524483134490E-002  0.15045511410662452       0.19316165760250054     
  -4.2366871853397409E-002  0.22616289993360880        4.7327864159611953E-002  0.23491389031500973     
  -2.3300045385518428E-002  0.17308935921595106       -5.4096786657876293E-003  0.17473432121945259     
  0.10449410057197384       0.19768857751586005       0.11017927537313084       0.24927748285061405     
  -1.3915097329227636E-002  0.19744955434491765       0.28918177173652732       0.35043694661003633     
   8.7202206420316564E-002  0.10553107299908750       0.16370809031048766       0.21340424317716136     
  0.13724086457404289       0.15604216981643321      -0.19508446537643509       0.28503010771015203     
   2.4256854618876410E-002 -0.19044832909594309        6.9567263745373392E-002  0.20420226550275170     
  -9.7215213400392159E-002  0.23581043931663653      -0.10129649292446452       0.27444187086883265     
  0.13613543039841974       -8.3194507024296788E-002   8.8274089063896652E-002  0.18233621749076490     
  -3.0412345923535627E-002   3.1674384845772723E-004  0.17056464129854546       0.17325503736555486     
  0.21925568805959378        9.3775454134818748E-002   4.9601871308180223E-002  0.24357183372046667     
   4.4610656833173570E-002   1.3634101842881195E-002 -0.17612044880847388       0.18219333666368673     
   9.4296490297847216E-002 -0.14628920341772667      -0.10181405181423253       0.20163943132709988     
 -0.14296374717714005      -0.11120695409809195       0.18496211202220095       0.25887565070979074     
   1.1401933785654373E-002 -0.16426783216148391       0.13084113442421019       0.21031720622550151     
 -0.10515135486248708       -4.1538969693475272E-002   8.6770601079978762E-002  0.14251817654037310     
   4.5660019000130371E-002  0.16396818065613000      -0.19147328822316934       0.25618825442585463     
  -7.6545087165661496E-002  0.18556430834846765      -0.14397637053234055       0.24702724176436436     
  -5.1246030083419367E-004   7.3660806957268163E-002  0.16431217405136697       0.18006850818131018     
  -5.4327465312573597E-002 -0.19092560245718740       -9.5498784863285946E-002  0.22028181284730028     
  0.10387110949500662        7.3972234115334115E-002  0.12793924579544433       0.18063651187521468     
   1.9540623190290200E-002  -1.0034207683863816E-002   4.2610775968798378E-002   4.7939540122647652E-002
  0.18307084593212172      -0.16519024780945374       0.11830818994119732       0.27349511953381145     
   4.8624859405926868E-002  0.22567840487183718        4.6383307366804225E-002  0.23547086991818425     
   4.7927254685198276E-002  -5.5547672097720477E-002  -7.2055306351199888E-002  0.10283254733060443     
 -0.16954636481531193       0.17699902493684566       0.21922762600304205       0.32883943901790530     
  -7.0285906950777050E-002  0.10153934664820773        2.5760546425269187E-002  0.12615051876931238     
   1.4172558012834829E-002  0.15391590381117479       -4.2692986174499736E-002  0.16035478762772878     
  0.11693718277521306       0.16413780080470305       -3.1731368355595570E-002  0.20401569083314758     
  -3.7436188869115712E-002  0.16282146293304903      -0.12486677535716875       0.20857614584798523     
  0.22632783512760155        4.8649187651609090E-002  0.11481858521305481       0.25840731398905065     
  0.17072670289448200       -5.3221610661733764E-003  -3.5889186124479250E-002  0.17453929689417375     
  0.17198507388162843       -4.4055533201037514E-002 -0.18280664814700967       0.25482940617291699     
  -3.7371496659391289E-003  -7.9743107529353680E-002  0.15417540387641368       0.17361735122538580     
  0.13091455848616113        4.3157923077554644E-002  0.14967038524810974       0.20347592527941041     
  -3.4294994587398493E-002 -0.10742695789157332       0.17665164692783231       0.20957696032222406     
   7.9095668248935339E-002   3.0758206061596249E-002 -0.20449096325669544       0.22140177512731107     
  0.11037965948587108       0.15789024367186469       0.13838751376889033       0.23720055278627086     
 -0.13142861522482308        5.5506222452619491E-002  0.11203175782611809       0.18139883239007976     
  -8.0424388040563025E-002  0.22700439647804796       -3.5491957394324064E-002  0.24343121667473619     
  -3.2694321051782049E-002  -2.0097778689646018E-002  0.19650686326695388       0.20021934633873995     
  -5.1255600351894096E-002 -0.13444874678055924       0.15347445192072920       0.21037587663671004     
   4.5458622441301028E-003 -0.10730286992149507        9.7148383766104782E-002  0.14481843537788366     
 -0.16532005091109123       -6.5401799771514793E-002  -1.4826544487629479E-002  0.17840387066440785     
   1.5474041940297259E-002  -7.2494755177197126E-002  0.11817205524677132       0.13949756321677378     
  0.20887207358392124        4.4822328877130620E-002 -0.11534382868203188       0.24277722937756455     
 -0.20559704347675695       0.12851616429079665       0.13499783434769491       0.27750849365194247     
  -1.1136113052457989E-002 -0.16082138660495274       0.17489180261935283       0.23785431260942794     
  0.17908510763933821       -1.2287084633712933E-002 -0.11444098528650042       0.21288303676041073     
 -0.24209071493434095       0.15571656842742498        3.3785868407222121E-002  0.28982244365173548     
  -9.4854149363447937E-002  0.17283662469176539        2.7496464705721427E-002  0.19906246270359071     
   1.2325331393107108E-002  0.14633605573485006       0.12118548987862753       0.19039978455635392     
 -0.12665877043277954       0.20564074517041619       -3.3686824112381906E-002  0.24385520769621910     
   6.5733946880507280E-002  -5.2207392218530727E-002   1.9074526823730960E-003   8.3965480707754822E-002
  -8.4843625680945153E-002  0.14888009958248011       -6.9238076440585578E-002  0.18481784572808410     
 -0.11800099934855912       -3.4947988622305658E-002  0.16311908042318632       0.20433656587627527     
   2.4855440453834150E-003  0.15817739510038167       0.17747147051886264       0.23774437763714060     
   9.5684972300977375E-002   2.2065623610120998E-002 -0.13049314144957150       0.16331247850338998     
 -0.22052129414506416      -0.10559663934231120       -5.7848613312788191E-002  0.25125038004750672     
 -0.11453924651465128      -0.14238471459502935       0.21998457622702289       0.28598227168870949     
  0.14202461808517788        8.1837693494358085E-002   6.0243368937014305E-002  0.17463580308630403     
  0.21277722603703253       0.13214551432106167       -8.2488423904802738E-002  0.26370613370471835     
  0.14302857858738360        6.4975471692487574E-002  -1.3997846552529220E-002  0.15771786811422722     
  0.20761049327669831      -0.11380688933732655        4.5612371276010116E-002  0.24111120544813566     
 -0.25819542023911457        2.1796720006507807E-002  -3.5856401478452316E-002  0.26158297643860356     
  -9.0694118031728388E-002  -5.4223921790749113E-002  -7.5889977084943688E-002  0.13009590832103687     
   5.5206572662587994E-002  0.14523821204293702       0.25889656414790735       0.30194260188017563     
  -7.0667891731788557E-002  -8.2561236805325622E-002 -0.14310263696846226       0.17969049349358562     
  -5.8223235606299231E-002  -9.6272260392587128E-002 -0.24339206890367751       0.26813801015666772     
  0.21016944503959425        2.3655316958416106E-002   6.3606072250357235E-002  0.22085402888734409     
   5.7938657242412851E-002   7.4912248370367390E-002  0.21042694192936742       0.23075578183157791     
  0.23794148176747359       0.10146402505078268        2.5273854363658355E-002  0.25990356834718958     
 -0.12404129315704959        4.9020541107638101E-002   8.3178583390206270E-002  0.15718757137051342     
   6.1074290494604576E-002   3.8985896824306018E-002  0.25503973612530884       0.26513248784990862     
   1.9556112185150146E-002 -0.14387080423245630      -0.14023234619391717       0.20185727817778229     
 -0.14587952835324686       -8.7861117970472830E-002  -4.7918151411262926E-002  0.17690834372143055     
 -0.21071058897267475       0.11126553723680754       -8.2021528870238836E-002  0.25200496677648698     
  -2.6167261381310061E-002 -0.16796331262172756       -3.8524823138342809E-002  0.17430020640522081     
  -3.5883906720200837E-002  0.15707762950255574       0.13554566448905964       0.21055560693894373     
  0.18398231251332134       0.15549802612147651        3.9147587244951647E-002  0.24405257841810632     
  0.11343569139825868       0.16400533274253867      -0.17774871564456401       0.26713294660951858     
  0.10277888362885437       -4.6545120662795612E-002   8.5515463013022319E-002  0.14157274311052739     
 -0.19615433866690851        8.7689423814161935E-002  -7.4599373774721020E-002  0.22744455630832866     
 -0.13757256207745280      -0.16769044922870152        7.3477483484902822E-002  0.22900925129424901     
   4.5703262110878995E-002  0.10004753738770303        9.6081292415041847E-002  0.14604763831388826     
  -6.1071664680357358E-002 -0.20961703425684280      -0.10426255453770050       0.24194984925845975     
 -0.11555452605636250       -6.7846072390483000E-002  -8.9593998812249720E-002  0.16119250185444306     
 -0.20362335933967460       -2.5859125351046668E-002  -4.6800774594763367E-003  0.20531212813110214     
  0.12021796454221262       0.10053233156058269       0.20931373660812302       0.26147915599629412     
 -0.11603223483860479      -0.17349690167080134       0.11003419534417261       0.23594952544145617     
  0.19191462572680310       -3.1119015770038148E-002  -7.5746556950673075E-002  0.20865559566001662     
 -0.19918990934134348        3.2437987138573654E-002   2.0364459462667663E-002  0.20283873940207164     
   5.4052066877174364E-002 -0.14459845825410003        3.2545987474108570E-002  0.15776432221456813     
   5.0880792861781043E-002 -0.10459353842339532        7.6063483294482134E-002  0.13897595782386141     
  0.12045925368412455       0.21679162107752331       0.13378891508755353       0.28179516065372967     
  0.26093037335365282        6.0667034183260679E-003   6.2076308481174770E-002  0.26828144308448276     
  0.20673089049901874        5.7529234047143496E-002   2.8692992072898882E-002  0.21649610077473389     
   1.0114133848933535E-002 -0.10704298006746024      -0.22615505269843508       0.25041286537689872     
  -1.1278944578495483E-002   7.0752779378335962E-002 -0.15291091030475137       0.16886360434028397     
  -7.9605707244535251E-002 -0.24662932400127413        3.3110809764692412E-002  0.26126503364687315     
  0.16784609667860811        9.5813823528694362E-003  0.11735633418851202       0.20502834982558449     
  0.10182189457229017        1.7589398133463826E-002 -0.12344162564774258       0.16098111716454663     
  0.19704767541980514       0.17142870734630500        4.5312154257074605E-004  0.26118153343968692     
  -1.2836026508545595E-003   3.3856578999945555E-002  0.11704901272467198       0.12185395749488508     
   5.1526002820622710E-002  -8.5009783770389341E-002 -0.20017188172914685       0.22349580429696375     
  0.17723312246107009       -2.0527752111580828E-002   8.3811969404056885E-002  0.19712284119158222     
  0.17010274942376680        4.4486604895165927E-002  -2.2494363609563212E-002  0.17725687510170837     
  -6.3757755304259742E-002 -0.18578615246168401        3.5991923508295082E-002  0.19969217402237105     
   2.6444520844848628E-002   3.9005551588721252E-002  0.16828989986267961       0.17476337182958207     
   2.3855265287133734E-002 -0.18929280036696033       -9.7508171572913513E-002  0.21426311272866863     
 -0.14059361618558547      -0.14361376816769750       -5.9711185981411313E-002  0.20965902091436844     
   8.5851706608122733E-002 -0.11183341989089914       -9.5118009785806312E-002  0.17007252899170425     
  0.23059862156934746       -2.3925477734690902E-002 -0.14324723723801899       0.27252141884784326     
  0.11043087588129254        1.8070416978189396E-002  0.10077254133547463       0.15058759379472472     
   1.8051924038696869E-002  0.20978372274562959        2.8294176929651915E-002  0.21245150679305738     
   3.6399995655100943E-002  0.12747107717875517       0.15187167678099217       0.20159077709328291     
   1.0592795678356250E-002 -0.18191330416350068        5.4155488620205604E-002  0.19009859152465841     
  -3.0009718808617702E-002  -3.5226450985584988E-002 -0.24628370142186481       0.25059359061649278     
   5.7130590870499473E-002  0.14552825210093870       0.14088099261916162       0.21045149240175759     
  0.15471050491200236      -0.17644868758218868        7.6307158496575545E-002  0.24676357534576498     
  -3.3188959181252975E-002 -0.21456219034981391       -4.0988322097928950E-002  0.22094905088650693     
 -0.18171803346438040       0.23510452167741799        5.0651953079027770E-002  0.30143191627637772     
 -0.16113004977847784        5.3037868755116700E-002 -0.13348005201542348       0.21585372998801733     
  0.14726386149550744      -0.15438513629471234        4.2451938855932667E-002  0.21753984077389765     
   4.1259326731808856E-002 -0.18101185304373446       0.11388816482520542       0.21780297764709700     
   8.3237280805449426E-002  0.12871417372488231       -6.9737537126977750E-002  0.16840162563972186     
  0.22049258324664847       -8.5276838641481681E-002  -3.4264309694925742E-003  0.23643362473356916     
  0.10489021498099996       -6.7465268870116404E-003   7.5681108387066084E-002  0.12951873605966205     
   5.5511247449909649E-003  0.16967912147645231      -0.13471103942278756       0.21672305690286608     
 -0.12475874019361956       -6.9825162076360289E-002  0.14744526117995965       0.20537867844086338     
  -1.5724621082613063E-003 -0.10733935693471057       0.22221640000841875       0.24678804391003362     
  -2.8525183486596585E-003 -0.18330691859945270       -5.7801389187474475E-002  0.19222529453575485     
 -0.20481475990728484       0.19791418166762098       -2.3741008021144466E-004  0.28481426499490681     
   8.1121686964966661E-002  -8.8464835812762654E-002   8.1214911013901700E-002  0.14492279683478740     
  0.19434816511913899       -6.7197915985592396E-002  -7.3361278261948215E-002  0.21833150561980247     
  0.15132656471145012      -0.13639720606347011       -5.8400219391728752E-004  0.20372596316584671     
 -0.16562469993793566      -0.16735983305621571       -9.8455687479820312E-003  0.23566457131717289     
  0.17879386921082288        6.0591474576811438E-002 -0.10564397623869239       0.21633128339260280     
   1.2572432736947324E-002  0.17672300560324369       0.23564272675161141       0.29481618246850655     
   4.2262529502783294E-002 -0.10803880317648970      -0.19816350068974362       0.22962420908387671     
  0.18171297051302215       -1.6122232299634120E-002  -1.3801043772147614E-002  0.18294807688573977     
 -0.16033853280169946      -0.16561599141009628       0.17505637543787655       0.28945092208040646     
 -0.15196149201716377      -0.12538615158535046        6.3641011912518516E-002  0.20703661623663661     
 -0.23543552080204383       -3.8118486445514715E-002  -9.3604235720442311E-002  0.25621213165858214     
  -6.6964301872430243E-002 -0.20852088708627767      -0.11422094888041998       0.24700526965968486     
   8.8666982580633005E-002  -6.3996016739667205E-002 -0.12254275979575417       0.16423779083042353     
   3.7669862030919710E-002 -0.17760108905359095      -0.14827445459153063       0.23440665353796158     
  0.17916896224021606      -0.19665742285121840        7.6207119735200862E-002  0.27673666922013446     
  -6.6871240107523794E-002   8.3474006767284309E-002 -0.22524812685903781       0.24935194246848752     
  0.22573817600773766      -0.12113903522915240       0.11793072228529702       0.28202844754081463     
  -9.3427140542813952E-002   4.0886534749352034E-002  0.16825581249909166       0.19674947967795536     
   6.7909268859503366E-002  -5.8063860346944059E-002  -7.3986518019101499E-002  0.11600467888845073     
  -7.9983351840070063E-003  0.13244625607117444       0.22069563501735417       0.25751222772656845     
  -3.5521101884082775E-003  -8.4813939458612403E-003  0.18374316180854411       0.18397309868960818     
   4.0466493413799445E-002   1.8309158375584087E-002 -0.16936077128259489       0.17508807274930727     
 -0.21451041465686260       0.17361787215058039        1.6392256580564750E-004  0.27596722703422955     
  -6.3699984524101888E-002  -6.9733448349204627E-002 -0.10430492133703817       0.14071232519636553     
  0.10413723604040992        1.8076788575398916E-002 -0.20981074049167875       0.23492952356185948     
  0.18481625628711038       -4.8799028816299633E-002  0.22820261393046706       0.29768242609548640     
  0.16680149850185827       -2.4156208387781503E-002 -0.11378947410567677       0.20335758339286450     
 -0.18758900526064487      -0.10142715739475675       -5.4220826849994290E-002  0.22003863573508192     
  -6.0733922224274040E-002  0.23728779373560346        5.9870729560524284E-002  0.25214799349343214     
   1.5336297559297154E-002  0.14298179019507656       0.14144804654079737       0.20170905834995059     
  0.10123466360579446        6.0014102045169312E-002 -0.15952701274116396       0.19823979760327101     
 -0.16184972490655247        2.2388754556479557E-002 -0.15452861961026482       0.22489038232341310     
   4.7962007142002591E-002  -7.8959172081118689E-002  0.25357745250487551       0.26988225099788909     
 -0.25627830100557480       -8.0850565030665345E-002  0.13394610841768434       0.30026145505596269     
  -8.6999010849605221E-002 -0.36501811325527928       0.15498979743774119       0.40599124153489524     
  -4.1468958020500012E-002  -1.8774927983639909E-002   3.1829504599981094E-002   5.5545384715357540E-002
   8.1493775308141836E-003   5.9772710672873423E-002 -0.19294017394516944       0.20215118109304980     
  0.10452677238244304       0.17635243450608273       0.12974218961638934       0.24260886848458030     
   3.4278807511101073E-002  0.18548031936852277        5.5441525804319047E-002  0.19660047889296531     
   2.0779950826891755E-002 -0.12443339896056560       0.12952435977387983       0.18080939386016642     
  -7.8363546482275531E-002 -0.13716817437955339        7.5009318754868742E-002  0.17487810434691026     
 -0.15759651618596171      -0.11227374538635454        9.8381299482276141E-002  0.21707357256205409     
   8.6398663339383279E-003 -0.12569538172917522      -0.13161557309806074       0.18219943841911909     
  0.18174814342563039       0.13306067527273863      -0.13375134650890125       0.26196746675044380     
  -8.7687324219832496E-002   5.9702398341923632E-003  0.18057843548578878       0.20083147650457331     
  -2.3837987744195609E-002 -0.15326239359567659       0.12378303404229601       0.19844356998170720     
   2.3950183255386327E-002 -0.22914017260891525       -4.8114697230116944E-002  0.23535898978104891     
   4.5191524490176264E-002  -2.0030149214258276E-003  0.16100668191701820       0.16724065766568108     
  0.14098132864888724       -8.5855980495956052E-002   2.4549708911682226E-002  0.16688221182072063     
  0.14777235107435502       0.21163982968353395        6.8449638718398362E-002  0.26704576066883545     
   6.2256837672517620E-002 -0.21482222828794620       -9.2534601572137734E-002  0.24204783843632016     
  0.23711119629940058       0.12183880477998682        4.6960678380756016E-002  0.27068749338439968     
  -5.5427707618012245E-002  -8.0934710696171627E-002 -0.17676987493809518       0.20216391085673688     
   7.0816414122784485E-002  0.13379404335809941        1.7198023273361130E-003  0.15138945890438940     
  -3.2573909295506687E-002  -9.5999122285637478E-002  -3.6454826445685359E-002  0.10773042939480802     
   1.5338748621032749E-002   2.0835654632013104E-002  0.22715657758070976       0.22862526643261624     
  -6.1719406067891600E-002 -0.14008794030213367       0.15803671186326021       0.22002163166384026     
   6.2202465383062226E-002   3.6074932623901910E-003   9.4217915450965903E-002  0.11295652393418720     
  -8.7755455172297714E-002   7.8352502100718147E-002 -0.11201015915642631       0.16243894315153662     
  0.23998661544860431       -2.8538597736563504E-002   2.9095302430974974E-002  0.24342260326189014     
  0.11196093634336514       -2.4053534638722989E-002  0.14758878063481118       0.18680543879868630     
 -0.24330357091780486        6.0758285022157334E-002 -0.21995827310097674       0.33357133978468967     
   3.3923428838436499E-002  0.23673397569314913       0.14905288075009754       0.28179875005319627     
 -0.19012252621468775        9.1827538277176463E-003  -2.3312847528474481E-002  0.19176649030005474     
  -6.1856533164334072E-002  0.25329864726179774        2.3577194115990470E-002  0.26180588129786175     
  -5.7696259954912350E-002  -9.5246616983242452E-002  0.15877886896057428       0.19393686005485530     
   5.2622885886206713E-002  -7.4981336811233090E-002 -0.18795338233275363       0.20908812237741908     
   6.5353178974101908E-002 -0.13462231127781896      -0.18650209094229492       0.23911761671121393     
  -9.8123248402228011E-002 -0.11659774367452952       0.19446491740919111       0.24706236016431188     
 -0.10916020181321730      -0.13121538857441409      -0.12288392070416893       0.21031853419578905     
  -5.5152109880446734E-002   2.6669040076011945E-002 -0.22718021922798728       0.23529522929995236     
   2.1188152451981086E-002  0.22347972875558222       0.10699705850068593       0.24867749696503744     
 -0.23827798797797034      -0.11671710105483671        7.2531399714668404E-002  0.27506378383575647     
  0.14898071143137584       -8.4849058364143720E-002   9.6361091880596439E-002  0.19667250726093238     
   9.2624457912791197E-002 -0.14117675102347130       -1.8938123154633071E-002  0.16990826272374654     
  -5.5106029096103210E-002  -8.2235196325352936E-002   8.3969130768969918E-002  0.12980800005972778     
  -5.9421063438912361E-002 -0.11547489217168344       0.21596672440114037       0.25200583237463231     
  0.10530915192429244       -5.5805238658846956E-002 -0.12555462626888042       0.17311327597357407     
   5.5570315708686382E-002   6.7067289706672348E-002 -0.14141918127795533       0.16608872980996930     
  0.13276295898704410      -0.21845452032271573       -5.2833243175487106E-002  0.26103588319015364     
  0.21821327239170926       0.10197668439138177      -0.14577496416556079       0.28154327657542866     
  -3.4481430695847581E-002  0.17785469160108883       0.11851255764185913       0.21648668944340652     
  -6.2891846515740077E-002  0.25764590609746385        3.4596257222890781E-002  0.26745784396942818     
 -0.10445366614787278        5.7201299865993357E-002  0.16941418103005540       0.20708385212800862     
 -0.13279443904201357       -7.9097368062142778E-002   8.7985289926165292E-002  0.17785434467066727     
  0.15905482006456850        1.6962986119323391E-002  0.16482884006164919       0.22968396809513142     
  0.16364338166036496        6.1732782183776931E-002  0.11826652722004943       0.21113281179883009     
 -0.17825115695575999       -5.3886239203413538E-002  0.21068505813183680       0.28118569567381968     
 -0.10755454686112416       -1.0458084150628915E-002  -1.9039990864397484E-002  0.10972635657270192     
 -0.13167342123404668        4.1649800862768510E-002   8.3070908324507808E-002  0.16116256259207890     
   1.8853572602834299E-002  0.14316387503894204       0.17329498865957504       0.22557150841934448     
 -0.15564852022120340        7.5772791487949923E-002   5.4132532964095502E-002  0.18137890974982618     
 -0.13686236274513941      -0.13080961931160590       0.16269556112237510       0.24962433465019765     
   1.3523518559162922E-003  0.13234980516421235      -0.14568350270994546       0.19682983194725809     
   1.1519894846603727E-002 -0.20033262548282929       0.15172589873748402       0.25156831509118477     
 -0.11631138905974832        5.1291940278262928E-002 -0.13566828016117422       0.18591687552346584     
   6.3360372276351329E-002 -0.15310041709241926        3.6386777753482875E-002  0.16964159892005240     
  0.16123035017499412       -7.8772717348080057E-002 -0.13136569009596338       0.22238999831453851     
   5.4022721528504368E-003  -3.9086623476711366E-002 -0.22357172074602255       0.22702700939879633     
   4.1103825296951092E-002  0.13257861632956736       0.13367677275784215       0.19270727421884382     
  0.22270899706993455        1.9130462498399375E-002   3.9359334792322717E-002  0.22696790347225954     
   2.8320389922539355E-003 -0.14591603914240486       0.16815914588155870       0.22265895281231521     
  -7.4127586481131338E-002  0.12304341311378827      -0.14564108743054094       0.20456272127677233     
 -0.11577460378936877      -0.10652031143951438      -0.21666501963626825       0.26775747676907358     
   9.8314183717168491E-002   3.7480180548332465E-002  0.15619438412538258       0.18832718414030494     
 -0.20998733574039266       -6.7868829296442557E-002   1.8466383950367787E-002  0.22145398279918213     
  0.21109059784801187        4.2604650344232973E-003  0.11171483311528987       0.23886731881971146     
   5.3963453080736936E-003  -4.8098798589944446E-002 -0.18104069651924079       0.18739890278401275     
 -0.14392200283702139       0.15850505022827185       -3.2594058702079272E-002  0.21656353920076474     
 -0.13888671965124333        5.5703981057013772E-003  0.14780949054925027       0.20289947197311273     
   2.5466415110523916E-002  -3.2561877804783264E-002  0.24431350496541385       0.24778600221408889     
   5.4613638175965776E-002   1.3386124642161989E-002  0.19356109554991091       0.20156322957879133     
  -5.6320399279225858E-002 -0.25634387453344359      -0.13429258302888322       0.29481971990075356     
 -0.12804106691227132       -3.9400121242459778E-002   7.6466453427674427E-002  0.15425304817007660     
   2.8509499094782988E-002 -0.16546524866930712      -0.19527394968250636       0.25753340653289447     
 -0.10490825478817027       0.19775668494629076       -5.7891661053400489E-002  0.23122476680314322     
 -0.21642371693130202        4.1412454617258815E-004 -0.25691668867357248       0.33592496434247554     
   1.2254702620274262E-002  0.19952527592281627      -0.12960818935301885       0.23824104645454214     
  -9.6129921386365239E-002  -7.9422014129262239E-002  0.12138535988957651       0.17402075654823335     
   8.7778429496246549E-002 -0.16414013568858035      -0.10051558267560413       0.21154294880545962     
  -7.1176378201654664E-002 -0.15372083773517464      -0.19303250195174615       0.25682235022999800     
  0.27196690421836023       -5.0749984342364753E-002   3.4427352735973832E-003  0.27668286959447463     
 -0.20010082038595128       0.10865559440908562        4.0152087805261583E-002  0.23121108682466743     
   8.4881314505373423E-002 -0.18248787699602737       -3.3005294284474497E-002  0.20395100454148807     
  -2.8515366002518989E-002  0.21127729325935163        4.7614391028056653E-002  0.21844530431718684     
  0.16743754094385413       0.11715353060607180       -3.6997717103931085E-002  0.20767549427338591     
 -0.15945100400857296       -7.5445920272763992E-003   3.9274178131429069E-002  0.16438979474437948     
  -6.6475385327011610E-002  -3.5238004142529700E-002 -0.20545684283319834       0.21879946996578667     
  -9.2996185358523956E-002  -8.0244350008523840E-002 -0.19956072147519469       0.23433294210423694     
  -9.8524317841841375E-002   4.0820145626030827E-002  0.25421897366221896       0.27568208513612658     
 -0.25505931435051793        8.5123118950120105E-003 -0.10192802185122948       0.27480362975997785     
   2.8085427128426380E-002  0.25979121286597506       -8.8972239778146028E-003  0.26145635600205230     
  -7.1731533258265964E-003   4.1918331536919595E-002 -0.10823117583662484       0.11628666333872224     
