  0.14150060197824205       -5.6270947208634001E-002  0.11930892822412573       0.19345144148842969     
  -1.8598909840148663E-002 -0.19650667833599453       0.13237483875953046       0.23766340066257508     
  -3.7841979162258926E-002 -0.18244919722325842       -5.5194678849631487E-002  0.19433521947305962     
 -0.16827914767219071      -0.10961380422537731       -4.0868999568518763E-002  0.20494714622011670     
  -9.5375984306109871E-002  -4.1969075701757785E-002  0.16001555174258755       0.19095276509415596     
 -0.12495155565953883       0.12332006535477946      -0.10816851935138480       0.20620659145506676     
  -5.1490832745507475E-002 -0.12736359871240721       -1.4009258900407398E-002  0.13809073636105923     
 -0.14718636057381751        2.0409834760027300E-002  0.14770127238410585       0.20951384669701731     
  0.12053858172594067       0.11705678326656525       0.11596763336851275       0.20415761602818225     
   4.9055273330901414E-002  -8.5020645148838045E-002 -0.18915911582057771       0.21311053714238726     
 -0.14867592811008670        4.5964726658498066E-002   9.5022712717217114E-002  0.18233651205484022     
   2.8668409751300073E-002 -0.11476352315290361       0.14230608800151423       0.18505017332180532     
  0.20371959494956968       -5.1644743706345309E-002  -7.1703997694752969E-003  0.21028615634835526     
   2.7910955188526466E-002  0.16988710777383109        2.0057497058088278E-002  0.17332903390813800     
   3.9045744325620156E-002 -0.18034674192404132        6.9492042993895761E-002  0.19717672659830807     
  -1.9439768723067317E-002 -0.19983535234664612       -2.7919567322093084E-002  0.20271056927295980     
 -0.18511314459355718       -1.7764808655234707E-002  -2.6404501273798411E-002  0.18782881146243335     
  -4.9661713274863982E-002  -8.6502100850460346E-003 -0.17602592479237375       0.18310171517197935     
  0.19967975134092414        2.3699989184007269E-002  -2.5660993048242233E-002  0.20271205969827569     
   6.5631006589038185E-002  -8.3274628558335173E-002  0.12528812509442713       0.16413167603206849     
  -7.6557285862791161E-002  0.13473186773632864       -4.0636179954105782E-002  0.16020297538953246     
   6.0475301312706023E-002  0.16151201844109686        1.8360269891235761E-002  0.17343729033935815     
  0.16355621319489930        3.3249981604984817E-002   6.7830131692736578E-002  0.18015860489258118     
 -0.11522708606964673       -7.7340691847681289E-002   2.2279355884140758E-002  0.14055331258348899     
  0.15171429178481807       -5.1126020520844292E-002  -7.3748106942294028E-002  0.17626650159244311     
  -8.9020952269899950E-003 -0.11778215987641494       0.12520477752370693       0.17212821035305256     
  0.19518209032951583        3.3617295235470974E-002   2.9179642696078197E-002  0.20019396212728016     
   2.7138262945592934E-002  0.18438980897857990        6.0921787959221319E-002  0.19608047128413797     
 -0.15577380418443049       0.10470319022012835        8.6354914253451126E-002  0.20660447073595134     
 -0.14851848150284422        6.7342666232165990E-002  -1.5848428484782046E-002  0.16384122414278049     
   1.3825086363612762E-002  0.23886228849262400        5.1856026862381603E-002  0.24481702023929411     
   8.1328478654250462E-003 -0.11962803676496700      -0.13927469827340921       0.18377826850253981     
   5.0992892648904775E-002 -0.20829130397199180        3.3442958253015076E-002  0.21703449925707277     
  0.18964532563754721       -5.3023497600515057E-002   4.3899601363266011E-002  0.20175236264742186     
   9.2009700741928546E-002  -4.2571663976460034E-002 -0.15151419197220786       0.18230381776949964     
  -6.7692075548717090E-002 -0.15715822893140211       -3.7433952571797449E-002  0.17516342888313130     
  0.21341908378133245       -4.6019576499066926E-002   9.0267643616246035E-002  0.23624934756999114     
  -3.6857151561195428E-002  0.14666328067083048        8.5179638446037272E-003  0.15146327352329905     
   1.4853076750959031E-002  -6.7324192332063840E-002 -0.16513171032108434       0.17894592064559928     
  -6.1238319435639510E-002  0.22152072137344420        2.6550728472314138E-002  0.23135795414794597     
 -0.12905257281677057        1.2005792977240071E-002   5.9059450068258086E-002  0.14243147214715324     
  0.15591052986230922       -9.7648860216829753E-002  0.17603191180822583       0.25461859161980094     
  -6.2999090444682410E-002   2.5037758374054513E-002 -0.12942806426296835       0.14610748974680893     
  0.10409466426501821       0.13084632740111185        3.2008927101768676E-002  0.17023816239907005     
  -1.2118488139796518E-002  -2.4373899897784816E-002 -0.14701496008130860       0.14951368913490959     
 -0.12255423851870810       0.15327145828642852        5.2796467415707302E-002  0.20322191878763135     
   1.2355583402917265E-002  -5.8634604635064674E-002  0.13534071684378265       0.14801279315561119     
 -0.15107703115568044       -5.5371026085747219E-002   7.9152964341216214E-002  0.17931930079220360     
   5.6159029389202322E-002  0.17918386273679643        3.8632901411002465E-002  0.19171122637615312     
 -0.13852816813226868      -0.14813850790690811       -1.0652253440124392E-002  0.20309736924519681     
 -0.12395831626132064       -5.2280173873407887E-002  0.13326325195457706       0.18936202119771650     
 -0.10320662702892471       0.18611289360590819       0.12870354458222238       0.24870508522561371     
  0.14275917245015612       -3.5126329522902795E-002  -7.3832195311147514E-002  0.16451514644210849     
  -7.6674033588097351E-003  -3.2110696621780434E-002 -0.14908920839798889       0.15270061549496672     
   5.0403140601886515E-003   3.8377963062776549E-002  0.16081141022823550       0.16540430004769230     
  -9.3871872787031879E-002  0.12533572322769490       -8.3244548092701487E-002  0.17734324572622473     
   8.2329542099048164E-002 -0.12876766823266977        6.2755325187338978E-002  0.16521954098618757     
  0.13796611938686767       -9.5985709981680378E-002   4.0673447757682120E-002  0.17292263001659319     
  -5.6908926765165221E-002  -6.6032770721326489E-002 -0.12253301116305634       0.15037716442127741     
 -0.11325995275958427        3.3119819170965223E-002 -0.11253520936262845       0.16306107036111137     
  0.20685856427182356       -6.1603046788544797E-003  -1.6142989788590221E-002  0.20757892736414985     
  -6.8075720544874804E-002 -0.15081928750328838       -9.0274942309383807E-002  0.18849489759583951     
  -4.8289518588401539E-002  -3.8082467156207556E-002  0.20526368090406918       0.21427862844551424     
 -0.11328942850656398        9.1662968746090645E-002   2.6288126020980077E-002  0.14807991092780140     
  -7.3443302399938321E-002  -7.5167440805825714E-002  -6.2220849285115176E-002  0.12212901747933255     
   4.6848875123585369E-002  -5.6193045361949197E-002 -0.18165046660444123       0.19582994527141806     
  0.12924031029102923      -0.10059179321071796       -5.6705310656717772E-002  0.17331260462570006     
  -4.9538556032264661E-002  0.20737553839782430        2.5947553978526605E-002  0.21478351430456172     
  -5.1905834090789235E-002  0.18483115021551041        3.8104747952278334E-002  0.19572619017176973     
   1.9831510904605165E-002  0.15800434790406898       0.13823183533052563       0.21087129505979493     
 -0.16395194634242793      -0.10563305150147406        2.8124779588419246E-002  0.19705224055026779     
 -0.15824474007044836      -0.11720024321692805        3.9416647202813217E-002  0.20082571261365390     
  0.10400803649977283       -7.2094464103867828E-002  -8.1179912661270226E-002  0.15035112779973892     
 -0.11007600295653346      -0.15422844830726234       -6.0718893438828211E-003  0.18957850230012108     
  -9.9061369893980636E-002  0.14509086553764142        4.6368890722972074E-002  0.18169916976863962     
 -0.12594564493251914      -0.10734412816736619        8.7174748896589327E-002  0.18704145041851961     
  -6.5286496702312971E-002 -0.12737384011249758        6.2190393988961971E-002  0.15605789599109535     
  0.15666577404759122       -5.2982581244325703E-003   5.2942146273807403E-002  0.16545424488105839     
  0.16717494731839613        8.6480337771841831E-002  -2.4283413804381360E-002  0.18977880813735551     
   4.4630973736559235E-002  0.16296516254984877        1.6164583991396173E-002  0.16973762634485901     
  0.19219790857511571       0.11084233432330995       -7.8800333573530723E-002  0.23544755617799193     
   2.0307563360224712E-002   5.1317935546093568E-002 -0.17625010124667476       0.18468899758189619     
 -0.10999966573587604       -6.5913767034204249E-002   9.0359212430062397E-002  0.15687363837695917     
 -0.16610252625685970      -0.13885101038099065        1.2859821707940358E-002  0.21687560334692502     
 -0.16996516762730363       -8.5394635192429874E-002  0.10847784561888818       0.21896996350262504     
  -5.2645666803219443E-002  -1.7277343805609413E-002 -0.14248075244766067       0.15287523560140273     
  -2.2557421912952916E-002  0.17242317031221910        8.0820428802273719E-002  0.19175643054578087     
  0.14775950893832770       -1.6326252022038371E-002  0.16665666807158647       0.22332457097127895     
  0.20552678394941701        3.2026457889603129E-002  -2.0320434850506670E-002  0.20899730380571552     
  0.14748278687765695       0.14775279555831347        2.6957999865448865E-002  0.21049654338549767     
 -0.20810479934509327       -5.3649191473717928E-003  -8.8773348489143783E-002  0.22631194681212555     
  0.10575878183741388        8.5647860561133937E-002   2.6702566511730495E-002  0.13868490549712517     
 -0.10215653888353822       0.10078266733393397       -7.1575326576335668E-002  0.16036250137147201     
 -0.11222547533147238      -0.17091606621476302        7.4252891918244732E-002  0.21753241358916309     
   4.9660556642162727E-003  0.13437062325300311      -0.15438146740321010       0.20472851188788779     
   8.1739016028401335E-002   4.4879667688646145E-002   9.0280124085155886E-002  0.12979195706192931     
   8.5378009157240864E-002   8.5520813379106643E-003  0.18150416093640978       0.20076429707518786     
 -0.10539122213100496       0.14677455975441117        3.2353316585142775E-002  0.18356693108353292     
   1.7342170393229290E-002  0.10614203134161658       -7.8030927877426007E-002  0.13287478089044805     
  -1.7935378336814630E-002   1.2959400126723707E-002  0.13340116790445847       0.13522387158339583     
  -2.1683820990233985E-002 -0.11455426608190866      -0.10221688092699124       0.15505211613113815     
  -3.4724774056014533E-002  0.11555783612579562       0.22523327661390924       0.25551800781462597     
  0.19123638369719448       -4.8132877924102833E-002   5.3579607662121602E-002  0.20434995166151632     
  0.16227861839140162       -1.1465940776102510E-002   6.6644653789360644E-002  0.17580479988785000     
  -6.6187685388974252E-002  -2.1013771822713093E-002 -0.19687877745830329       0.20876695456140321     
  -2.9282343001245072E-002 -0.15751652136091732       0.21677367781646242       0.26955470225422212     
  0.11684064899793019        8.0276847412259544E-002   6.7808320393505858E-002  0.15714349430790023     
  0.16109965365370410        9.5036752038635486E-002   2.8260851725738202E-002  0.18916595461567778     
   8.9753805310452239E-002  -7.3874786549595256E-002  0.13386722933594000       0.17729541659483469     
  0.12646264797436194       0.19028402723661486       -9.8370572693294890E-003  0.22868664160766419     
  -9.9154150945637162E-002  0.20726580742434295        9.0545590893241323E-002  0.24695984411887945     
 -0.12810974495068861       0.11203229503240593        3.6174929307244127E-002  0.17398841165992246     
 -0.19817056313914297        2.0108386634404788E-002   2.1634817109607438E-002  0.20035963819913910     
 -0.14689285992353540       -9.5528023804849191E-002   1.3947903098240823E-002  0.17577730123486690     
   3.4746375837773985E-002  0.15784925250309975        6.0513372693584144E-002  0.17258495132658525     
   8.2348613293492939E-002  -3.9384071491452316E-002 -0.17421482407502084       0.19668046198363356     
  -1.6086975648348316E-002  -9.9234358219638247E-002  0.15901669038270516       0.18812909519009322     
 -0.18597620051021868       -2.0686775052823139E-002  -9.1015544206519798E-003  0.18734441040814445     
   8.2923724237442722E-002 -0.16017726919425776       -7.4281135676228710E-002  0.19506611372887772     
  0.17557891505103831       -1.4092712976390653E-002  -3.0385520821767167E-002  0.17874518132007000     
   4.2051709218277382E-002  -2.8496799330599600E-003 -0.18156633335935707       0.18639420681303542     
   8.0831531641581689E-002  0.14276922893978311        6.7910632140010738E-003  0.16420386042709464     
   5.0095286161640974E-002  0.17540273208422494       -6.9312531884669182E-002  0.19514067539723842     
 -0.18361855868756807        5.7657688468405140E-002   3.4714158211269608E-002  0.19556394584466891     
   6.3595077027538333E-002   3.7822060905320525E-002  0.15790567786079113       0.17438189474237356     
  -1.9954336373883167E-002 -0.14740862403402027        3.7183171182803704E-002  0.15332992597316056     
  -4.4703036697658280E-002 -0.20390391929121707        4.4211549966411759E-002  0.21337720342797603     
 -0.12788916645503201        7.7733259130066651E-002   9.7752848322699398E-002  0.17875602878433403     
  -6.8476739894920022E-002   8.8474153298750344E-002  0.10835194222050504       0.15574621373093783     
 -0.10199381450439790       0.10991162155446853       -7.7830846468279063E-002  0.16894065056066010     
   2.9391237830049106E-002 -0.20624700654782213       -2.5283375363670677E-002  0.20985929009910465     
 -0.12252260123590548      -0.10575293294666527       -3.7205670946575752E-002  0.16607146832318748     
   6.7393733405042372E-002  -7.5239606152453387E-003 -0.18966512946679845       0.20142340137448556     
 -0.11952262284950169       -5.6398190723191202E-002   6.4057423714852138E-002  0.14686649319248340     
  0.18027969537922450        7.0066973666036148E-002  -8.4113269623586912E-003  0.19359984448860151     
 -0.18491075430704812        6.2495059924532963E-002  -5.1552032270225596E-002  0.20187925005944238     
  0.14743005031019404      -0.11980065853759654        9.4418386140892166E-002  0.21213827839868685     
   1.0101124099114969E-002  -5.8193276648620770E-002 -0.12433456935351719       0.13765019175974005     
  0.12475497219105659        9.9345647304905110E-002  0.14074231765429018       0.21270110649341489     
  0.19289701094420716       0.15740338491619105       -4.6334364201295504E-003  0.24901114663272317     
 -0.12352063252161664      -0.14504070814301309       -9.6285528966781220E-002  0.21345973101636717     
   1.0509069595849230E-002  0.16429911240549061        6.8348567356459694E-002  0.17825870396893093     
   5.8311793959690980E-002  0.12713831076418661        2.3587257416465193E-002  0.14184771443769878     
   8.1425207202310723E-002 -0.15333895994151284        7.6077654079879764E-002  0.18955397767966242     
  0.12902914858352452        6.6853549182391656E-002   4.7455589163464158E-002  0.15287233616754603     
   5.2299871837212224E-003 -0.26515184104038592        9.2395960460002521E-002  0.28083779140702259     
  0.10919556174277997       -5.9742395844768981E-002  0.16676939721092640       0.20809818935226249     
   6.1632073264763373E-002  0.10166324120965842      -0.21825274393768598       0.24853206494232383     
  -8.9795022353219317E-002  -1.4980514831396952E-003 -0.16968711956312549       0.19198726192977422     
   2.4851807925064667E-003  0.14163937368126928       -9.9386666276212884E-002  0.17304796368028427     
  0.16584008332483555       -2.0691625116622293E-002   6.5499156651164098E-003  0.16725423158286720     
  -9.3019355518998856E-002   4.1226131725383953E-002  0.15732484728377302       0.18735875216031708     
  -3.5114900835263613E-002  0.11393793903109499      -0.11180043719402490       0.16344493864325998     
  -7.0344172454469098E-002 -0.17653410290107380        1.1683106727020429E-002  0.19039193015510389     
  0.12659125299194551       0.10472530207622908        5.3608313796528369E-003  0.16438209373927945     
  -6.2506543895039277E-002  0.18186637044846060       -6.8657823052470007E-002  0.20419682023994268     
 -0.17091535237837135        2.7788583546074885E-002   6.9471400468258920E-002  0.18657582516805665     
  0.10723088791195186        3.8778338454698080E-002 -0.16861034399350477       0.20354771174665834     
 -0.13059627324820491        7.0016558581620397E-002  -2.0354599927688205E-002  0.14957277426105839     
   4.4859438797533943E-002  0.16935575178541529       0.12213939613302882       0.21356912698181313     
 -0.10268351358503641        5.4080033914038164E-002   1.7038746000323828E-002  0.11729822204780184     
   1.2353243549802634E-002   5.6110484599115787E-002 -0.15635869864510296       0.16658040626117609     
  -7.4028599553237102E-003   6.9659368683085490E-002  0.15973224943667477       0.17441795059839527     
  0.13418250321865868      -0.10460344502814313        4.2280032529514421E-003  0.17019019035563734     
  0.13499294751441254       0.13502073905892575        3.8803807651402698E-002  0.19483180269887798     
  -4.9710063614926039E-002 -0.14571330592308021       0.17420602783823019       0.23248913540810331     
  -9.2720934289143575E-002  -5.0857791018576778E-002  0.18120992542397582       0.20981116184536941     
 -0.20014047247077002        1.0386742678867980E-002  -6.6361129776761507E-002  0.21111109087290569     
   4.2108363312064565E-002  -3.0770843375963017E-002  0.19920698060711584       0.20592081047211497     
   1.7399413113002027E-002  -5.3592283941994195E-002  -8.1532912272151148E-002   9.9108467137649398E-002
   6.9015299297008684E-002   1.4471287005200138E-002  0.12172123191964966       0.14067191611931537     
  -2.9257007281592435E-002  0.15194246304159584       0.12704311517634706       0.20020598808210621     
 -0.10990980039335982      -0.18422483500809966       -1.5395845411550875E-002  0.21507204865394786     
  0.13136263908864371        4.3256745985345749E-002  -4.4383402886205930E-002  0.14524866771620751     
  0.14294140510062975       -7.8070951677946504E-002  -3.0495797876043423E-002  0.16570248180440475     
  0.11064179915813088       -1.7057193201994572E-002  0.11037896357542418       0.15721345731477049     
 -0.13691603472745267       0.11593660529363471        4.3161607431552104E-002  0.18452702070042881     
 -0.13274130484099619        8.1737411155204193E-002  0.10137508916920750       0.18595205591041458     
   5.0652861188978604E-002 -0.14402875895253209       -5.7739295880667979E-002  0.16322935410284464     
  0.10822381735906304       0.13788533563733271        5.7720696954206230E-002  0.18454386818441582     
  -9.9423648646037213E-002  -7.4006545696041093E-002  0.13788105373224774       0.18540015020022466     
   4.2182973373883048E-002  -4.0797979426107772E-002  0.18731573670288798       0.19629331008585213     
   5.4149237462515126E-002  -6.1590726380606739E-002 -0.18616611695471974       0.20342905543668291     
 -0.12054131960119924       -2.6706483444848085E-002 -0.14487625818669930       0.19034856494170782     
  -9.8032673137110810E-002  0.11683505695964193       -6.0601552595733063E-002  0.16411393516147185     
  0.16398876435570603       -5.8027573551825085E-002   8.8816532383020785E-002  0.19531484979839073     
   2.8010689931069654E-002 -0.14691021471261448        7.1284080477913084E-002  0.16567628094239262     
  -8.9779450343682454E-002  0.13823462071260406      -0.10229404053428265       0.19399286274603172     
   1.7576189745177495E-002  -5.5015364918331693E-003  0.20751419502759944       0.20832985980814664     
 -0.20913546273062075        8.0462584255981198E-002  -6.9743194893512345E-003  0.22418855985317646     
   5.9701948086753331E-002  0.10286103969076746        8.2670461565126210E-002  0.14484171121265463     
   3.9595995380596827E-002  0.15799826141950934      -0.19204832845315883       0.25182107521694891     
  0.20140748018743315       -1.6028309448752470E-003  0.13068943357694163       0.24009845936854937     
  0.10539983398127253       0.11249520060652926       -3.8760356089744402E-002  0.15895490041828486     
  -7.5740049859212323E-003   9.7897414361637375E-002 -0.20073368308687925       0.22346203439475923     
  -1.9097484497977414E-002 -0.14226437975526215        9.5766553780151434E-002  0.17255463043403549     
  -6.3232669795155766E-002  -5.5993573587501365E-002  0.14676324991006026       0.16933133890891236     
  -6.4004941142782823E-002   3.8364847409117650E-002  0.19853920853382531       0.21209976740358238     
  0.14456596893904189      -0.11488132447601225        7.6435075810830505E-002  0.19984833975506086     
  -2.2341432350333014E-002 -0.12792285977082452      -0.14514680288366899       0.19475880477852908     
   8.9798193280493474E-002 -0.11295193954743686      -0.14505125878993488       0.20460137790472810     
 -0.11072367436268205      -0.12798404252173926        8.2689699431442276E-002  0.18835401136328866     
 -0.14471464934769201      -0.14185933971565065        6.2220207488278029E-002  0.21198527359293193     
  -3.6044619437190770E-002  -3.7869848544523563E-003  0.18222903262167614       0.18579821359445753     
  0.18262900498812634       -6.4516609840847783E-002  -2.8764381390640463E-002  0.19581403434150341     
  0.13268022634093343       -2.5928782446757344E-003  0.18856864030226236       0.23058381900063379     
   8.0305407417769689E-003 -0.20788386330025788        2.9167804938917432E-002  0.21007368005107252     
  -9.1770948233255892E-002 -0.19635094591119107       -3.0312888389293177E-002  0.21884805711349634     
 -0.18315913323244831        1.1988267434692973E-002  -1.5917141756793610E-003  0.18355794778915058     
 -0.13223257723701179        9.3302322454571110E-002  -4.9000048876988597E-002  0.16909104839732447     
 -0.15771206347342318       -3.5030400930582115E-002  0.12488740867057570       0.20419865033553422     
   1.2741781137999031E-002  0.14201764192172006       0.16665773893880467       0.21933117779232697     
  -5.6437269813677839E-003  -1.1087588056202465E-002  0.20666212315678859       0.20703627559153953     
  -4.1255405077537499E-002  -8.8358819468614513E-002  0.14200139192968544       0.17226051415216156     
  -1.0213470196548419E-002  0.12663569974069189       0.14469576407868445       0.19255591282685858     
  -5.3528031901495104E-002  0.22261491539903294        4.9437107456360568E-002  0.23423637281818085     
 -0.12956103025199214       -7.7455127951486111E-002   3.9724499740998176E-002  0.15608777429898626     
  -7.9374609578578365E-002  -2.2468184691402653E-002 -0.17076658877494441       0.18964803139212832     
 -0.22103053299720310        6.7372402591738337E-003   8.0292533376769004E-004  0.22113464588894505     
  -8.0295503798910386E-002  0.10129530801695012      -0.15237334024529375       0.19981426919536474     
   5.6240542954982625E-002   5.8326646146170044E-002   7.4499110909752211E-002  0.11006867787374999     
  0.20768839262401195        8.0581268845389964E-002  -7.6754019426891265E-002  0.23562467786219329     
   2.6044801586391685E-002 -0.14705199711333766        3.2295439926246450E-002  0.15279272556219869     
  0.12714207191212740       -6.3441872452137629E-002 -0.15870460054694588       0.21301907864111030     
   3.4995786849922307E-002  0.10468711771836108      -0.15935307779011937       0.19384917104441540     
  -4.9211017158783968E-002   4.8302943641612174E-002 -0.17627070050434726       0.18927825662378703     
   9.4321182022310719E-003  0.18008548126477131        7.6328721171295785E-002  0.19582088522879926     
   7.7902213394918041E-002  -9.0397242944106851E-002 -0.16276113323980787       0.20182071964302800     
 -0.14532940088054122       -7.1215678412554287E-002   6.9876391415081868E-002  0.17628107581147540     
  -2.8160530209347057E-002  0.20830203605509712       0.12779938441634281       0.24599885435417518     
  -7.7902430433180112E-002 -0.19688551240295374       -3.5623038659360323E-003  0.21176728659168151     
   1.4805028937817825E-002 -0.11535956610911274       -6.8773371760516150E-002  0.13511770808462722     
  -9.7602643370290634E-002  -5.5001718793938711E-002 -0.18572418832571033       0.21689845364225069     
  -6.3684270444842803E-003  0.17044238355271599        8.5142323613559681E-002  0.19063152479185647     
  0.11035247251125389       -5.9142853175775667E-003 -0.18921169783689679       0.21912031753921382     
  0.14747595550115941      -0.12620461222620727       -1.2720212696920001E-002  0.19452137519872253     
  -7.1570260096404020E-002 -0.11964531763224961        8.3604634917698359E-002  0.16256395400367957     
 -0.21524882779344470       -2.5314458825607095E-002  -2.5073363674898479E-002  0.21817780193699607     
  -4.7027672164224786E-002 -0.12064944507030644      -0.11896356411053190       0.17584146305931181     
 -0.14031529302584494       0.17975513261088927      -0.13168761653656935       0.26332853530517664     
  -8.3108593198257058E-002   1.0977168041942631E-002  0.16758527763119638       0.18738292814538787     
   8.9310217065049699E-002  -1.9894997643772117E-002 -0.20887482221396808       0.22803687675103948     
  -7.5115788199103788E-003  0.11921521798098200      -0.15136913062817836       0.19282454647101160     
 -0.20157978039297644       -1.3687077801363950E-002  -5.2085579215802674E-002  0.20864959028061103     
  0.12091780663203242        9.2556249046641823E-002 -0.10195844257805793       0.18325746699992529     
  -3.1507845620380955E-002   9.5356943226272806E-002 -0.23488375180616056       0.25545267236737690     
 -0.10363443243396844       -8.4639201484453266E-002 -0.10634759528648736       0.17092015983217179     
  -5.3395980862094350E-002  -3.2667948145473788E-002  0.14365323402031616       0.15669900207964385     
 -0.15959511489092829       0.14211476788135391        2.4347601965879075E-002  0.21508141172241868     
 -0.12174273859725027        2.2987469907721599E-002 -0.11757418525668785       0.17080224592402399     
 -0.10297864004380758        4.4404907155793205E-002  0.12247002731115553       0.16605813341833603     
 -0.11323537428624401       -6.9398948003424513E-002  0.17141027950590271       0.21684083539319682     
   1.0961622007280174E-002  0.10538105180227264       0.14490428465279750       0.17950647605789247     
 -0.12897279284050564        7.7982306095029055E-002  -7.6333182167580595E-003  0.15090887616034082     
   8.0201934440867706E-002   2.8356548882724066E-002 -0.23156061959610852       0.24669163889424636     
  -7.1388090915958146E-003  0.11784561866283162      -0.10698826511152335       0.15932683799299283     
   7.5557065778569826E-002 -0.19977832909082072        3.0989794803935933E-002  0.21582543488981423     
   7.8548230055454166E-002   3.7573916702247800E-002 -0.20307043314992038       0.22095072862719484     
 -0.10693779373543619        8.7996529316224273E-002 -0.12327723176361738       0.18540862108328307     
   8.9052849172989321E-002   9.6518532328263268E-002  0.12222392815508201       0.17940157647659577     
  -7.9246744301538358E-002  0.13202301426013321      -0.12087855613915519       0.19575941385029644     
 -0.11515021585562285       -9.0332966639240772E-002  0.11475053763835817       0.18597661939538254     
 -0.10353613549920057       0.11297410151954375        3.1727317785928265E-002  0.15649121912154138     
 -0.16655116746378401       -4.1831166034233098E-002  -5.0256965886667837E-002  0.17892708139202040     
  0.15890966947743879        7.9899920334304403E-003 -0.17813145241698775       0.23884500699472178     
  -9.9308281571848428E-002 -0.10233049444450817        5.1496276992120636E-002  0.15160979990112863     
  -1.2454715916007796E-002 -0.17605702393022052        2.6287412228671245E-002  0.17844389500735180     
  0.11541176879062678       0.12844307482882206      -0.15087623226853492       0.22930577251873180     
  -9.4726579225041768E-002   5.0124707745646577E-002 -0.12876582916634913       0.16752984778588562     
  -3.7766499358041397E-002  0.14120753123931831        1.6674338590914869E-002  0.14711868990685198     
  -5.5848612210011771E-002  0.11294436227182841      -0.15490301478995036       0.19967583841263786     
  -5.3185218664110849E-002  -7.8056721475935426E-002  0.18634805156906589       0.20891892105673024     
  -4.8146200168577874E-002 -0.14972201366201343      -0.16147730777058647       0.22540997957170755     
   3.2223780486046169E-002 -0.12463707782480218       -9.6100949196301300E-002  0.16064920053940129     
 -0.15886293127466580        7.1373188839672936E-003  0.11470803329127255       0.19607729382970970     
 -0.10523117052737845       0.11828446790314642      -0.11510858202039827       0.19574166713410671     
  -6.7327109538737731E-002  0.10922035841782712       0.11772700213625234       0.17413119595221579     
   3.1774000058732037E-002 -0.17040588257139011       -5.5779451803785116E-003  0.17343259603402703     
 -0.17788513493020475      -0.11626822153506770       -7.7843176853772678E-002  0.22632052657846230     
 -0.11374713715980052        9.1102250362056048E-002  0.15687033591240834       0.21411756939203527     
  -2.8068988705913071E-002 -0.12537025942677962       -4.7821937297560194E-002  0.13708576790681987     
  0.12018185321964404       -3.5916302522382898E-002   6.4022393658188584E-002  0.14082799977245811     
  0.19416474342569773        3.3953430029834933E-002   6.4817656838539545E-002  0.20749484725745987     
  0.10358940117630368      -0.12783097578938690        5.9510376221868846E-002  0.17496573174596328     
  0.17976359407277276       -5.6670828740136563E-002  0.14496919572847147       0.23778687998755182     
  0.10735256688776362       0.13444304561807174        7.1235815260777990E-002  0.18620968693470910     
 -0.17100687977349213       -1.0861106365060174E-002   9.7463069732790203E-002  0.19713032877534969     
   6.1727004679554234E-002  0.12383919342816441      -0.11867169642472594       0.18228916717120175     
 -0.21228345546371374        6.1500127230719973E-002   1.9880822297026694E-002  0.22190488549875426     
   8.6121924418697163E-002   3.6771814305333848E-002  0.13510960742601200       0.16438904529103154     
   2.0229059927224874E-002  0.10194162009197710       0.21246623224811514       0.23652316719134775     
   6.4871353353241235E-002 -0.16363719764104273       0.11874136806038540       0.21233213941028023     
  0.18592104956954403        3.8029804882651654E-002  -1.1666776131862389E-002  0.19012894676446404     
  0.10796553805833163      -0.15164343116110907       -4.9746381326077220E-002  0.19268365285508413     
   8.9100173532978985E-002  -7.2423623350657787E-002 -0.13627393450135167       0.17819822492753284     
   2.6070901974885072E-002  0.17683957656996510        3.6594671086239622E-002  0.18245848219016478     
  -8.2588201041202167E-002   3.7205887888312861E-002  0.15249488954770887       0.17736905136733314     
   7.6902535577715231E-002   3.8481616369283975E-002  0.20372116225683437       0.22112699230973576     
   1.4811199970488128E-002 -0.19054677281325452       0.14180248147407470       0.23798190693058394     
 -0.15136363147727494       -1.6428044623828384E-002   1.3983793662225904E-002  0.15289334867592672     
 -0.17896547429288176       0.12835416759512699       -3.5373033776548532E-002  0.22305758190761174     
  0.18057218792414462        6.3112412529431977E-002  -9.2247475437367971E-003  0.19150610338640248     
   6.5257969525902584E-002   5.4660844628493729E-003  0.15476714214212184       0.16805162585598027     
  -6.7136669312976682E-002 -0.14159647563295838       0.15784098915000444       0.22242003536994318     
  -7.8958140947950284E-002  0.14371777031126828       0.17361080450748234       0.23880933182548394     
   4.7418483060215136E-002 -0.22832962886561375       -5.0838532324238773E-002  0.23867862979857141     
 -0.11237241317784431        9.3705328312696748E-002  -2.4561273135873196E-002  0.14836274443288455     
 -0.15494784126527092       -5.6471354062307438E-002   7.3715413042008154E-002  0.18064276753402542     
  0.22338722424155386        3.4703520386100195E-002   6.2357824618334903E-003  0.22615276090387676     
  -2.6981515923903344E-002 -0.14202757369369745      -0.13584413147236493       0.19837707011232844     
   1.0131135005417097E-002   4.8103256655334929E-002  0.15225582205298907       0.15999499537916331     
   2.8173466106221901E-002 -0.13585659968137967       -5.8229817642378459E-002  0.15047083282845794     
  0.13669428351316615        9.1592022110254051E-002   3.3211037160148071E-003  0.16457659429370763     
  0.16301270020297001       -1.6245098238772064E-002  0.18829958036633102       0.24958721043031648     
 -0.16613878875453597      -0.10199372955881118       -9.0085940575119788E-002  0.21475636122695935     
 -0.12590769276259894        8.5552794775145033E-002   5.1292074599032580E-002  0.16063282574651988     
 -0.13783124989676401        8.9519687185213831E-002  -6.6087003457342572E-002  0.17714039592315908     
 -0.10171682680766568       -2.1151261763824696E-002 -0.11077144316896542       0.15186836850298296     
  0.12997804324533091       -8.3589270861388204E-002  0.15661816122573480       0.22002433127896082     
  -1.1309667955667272E-002  0.24453830049825923       -7.1443944397497891E-002  0.25501201185614208     
  -7.8066963939671830E-002 -0.10201085121137320      -0.17786175661249473       0.21939796965539415     
  -4.9027313435666381E-002  -3.3129969080262014E-003 -0.11503797637980789       0.12509352269719204     
 -0.11072030485120959        5.5538656170589666E-002  0.14973881332996888       0.19433280848340309     
  -3.3174307373131061E-002   3.5101982299118754E-002  0.22016470323647508       0.22540004521343773     
  0.19070914170438460       -3.8321616331884426E-002   2.4372270645518734E-002  0.19604216532248772     
  0.13828491896563477        5.7501809406371354E-002   7.5202583836343928E-002  0.16758462194963228     
  -1.6286344740835824E-002  0.13077949575070194      -0.14381976723359685       0.19507087681391910     
 -0.11223862559376702       0.15050051497076011       -2.3474444501118755E-003  0.18775895338728366     
 -0.10935203831659036      -0.12478492600618618        3.7494762264094546E-002  0.17010291955049855     
 -0.18675396333795852      -0.13979536183783692       -1.7946086022896140E-002  0.23396975876670148     
  -9.8687163346464643E-002   9.7303314980752786E-002 -0.12543920777296158       0.18692802401545791     
  -3.4644221661827408E-002  0.11479813709619081       0.10673558259760163       0.16053447906216001     
 -0.15391324338506879      -0.11471844862578490       -8.1248111354966415E-002  0.20844870962221690     
  0.13637676168762200        1.7707398587610571E-002  -9.9087471256828402E-002  0.16950073761850051     
  0.17742514781451138      -0.10096985697084476        4.3280508038297839E-003  0.20418943928977959     
  0.19628750893556851       0.11622384764798330       -3.7107532920451408E-002  0.23111412316358967     
   3.5560432951267498E-002   9.7621776365501456E-002 -0.17153828420225317       0.20054909264190288     
  -3.5736224868880659E-002  -5.7756177895974231E-002  0.17727461512900536       0.18983978250663797     
 -0.15779264435017210      -0.10209624329104822       -2.0827601731178595E-002  0.18909243903191211     
  0.12809659218868366       0.10287296865910528      -0.11102697339909313       0.19828911577102290     
  0.17165236671087156       -3.6225533498200901E-002   6.9279013523547900E-002  0.18861708827534354     
   5.0496722345774812E-002  0.11501238578603556      -0.16553568768694718       0.20779757397489670     
 -0.13842817672645327        5.1821973990739220E-002  -1.5672507505242260E-002  0.14863883944517634     
 -0.14976205170561055       -4.8323343841229931E-002 -0.11635262070729446       0.19570832899119861     
  0.14488007050241022      -0.13596924523822027        2.9310340283250080E-003  0.19871200628021912     
  0.15099554724265837        4.3303212238956501E-002 -0.12913877605071758       0.20335104365898735     
  -7.7191076702336908E-002 -0.15887224472520414        2.9261753837982803E-002  0.17903938869468336     
   8.0798850975476399E-002  -4.3896386579199115E-002  0.18868127812904306       0.20989514475108051     
   1.6093257263182528E-002  -4.7195489751970118E-002  0.19435126904183125       0.20064601406566135     
  0.12325928661736160       -1.7597209348806941E-002 -0.17568587792987167       0.21533239704762588     
  -3.2981669062490865E-002   7.7681922846309398E-002  0.15640014804572422       0.17771684765371032     
  0.17925451390794270       -5.4454999795168615E-002   6.8043284451897668E-002  0.19931737585586082     
  -4.2485903208135847E-002  -2.4254571816009846E-002 -0.19013502094911922       0.19632794609201989     
   9.5968330515895137E-002  0.14642842689295538       -4.3124022923861249E-002  0.18030775362554816     
  -7.1858765344514339E-002  0.14715577014436140      -0.10889543476166941       0.19666397371036493     
  0.11513298842637149       0.14464882434852208       -1.8394418788679204E-002  0.18578816445610818     
  0.14995942209586791       0.11139284188583941       -1.4118562387261644E-002  0.18733800282540991     
  0.13299950570516578       0.11840246703228569      -0.15315673281972017       0.23487230046380753     
  0.14528674971427019        5.3337877966735871E-002   9.9803547723502667E-002  0.18415731591964754     
  0.20242082810796627        8.7538559218854534E-002  -3.2579978287874518E-002  0.22293193128680805     
   4.4591035512617144E-002 -0.17127775674227286       -8.3132209265156201E-002  0.19553872920743451     
  0.14639397963416625       -3.7290537576114099E-002 -0.11790232811919041       0.19163178348533288     
 -0.10849225566367671       -3.2053818173115568E-002   8.9350798309508012E-002  0.14415818380173259     
 -0.20528689627147556        5.1317278613743612E-002   9.3933182313569466E-002  0.23151590788680254     
   9.1171594098749364E-002   8.2054508516404293E-002   5.4077022446604339E-002  0.13405046174879937     
 -0.20354516682703919        5.3379269336107468E-002   1.4658215350793074E-002  0.21093801129899312     
  -3.0331687014682751E-003   8.6197864457953785E-002 -0.13690999801651177       0.16181353313726451     
  -4.3484805294474814E-002 -0.11434359408078813      -0.13099656612608226       0.17923583942849008     
  -2.0222450254703622E-002  0.17845233659064108      -0.13877896701698883       0.22696648566531999     
  0.12129864849762111       0.17713185406452298       -3.8252354503952434E-003  0.21471769437551219     
 -0.11352425508245627       0.16063541737919607       -7.7646404998290536E-002  0.21147212113603459     
   2.2726916033116981E-002 -0.22000414692587486        1.4325086911466287E-002  0.22163832135255704     
  0.16722303867565105      -0.15640214164055546        3.6802763679491248E-003  0.22899501961356089     
   4.1526254267908187E-002   2.6290123233658265E-002 -0.17209250585607139       0.17897326880008049     
 -0.14665668893498987        1.7788535091704055E-002  0.10458638313575225       0.18100532568822811     
   6.1736003730465068E-002  0.14365435126241238      -0.12191431532893098       0.19827003574759997     
  -6.6777233169761072E-002 -0.13451103996872099        1.9588517393643385E-002  0.15144678523150157     
 -0.21695094654088742       -7.3047063270303067E-002  -3.8434139870504654E-002  0.23212231638726200     
   1.9234230533034080E-002   4.1931139183792640E-002 -0.14049485916785800       0.14787488464930326     
  0.13030070654324966       0.12065129643095397        9.6875647595087044E-002  0.20228667912916926     
   6.1858944980260414E-002  0.13193931630947942       -2.9958570818748351E-002  0.14876837105979787     
  0.14400527723724749        2.1807565492900135E-002 -0.15185709032489131       0.21041308340225859     
   5.4264586354983026E-002 -0.12157339715672549        3.7179767909033979E-003  0.13318618389278228     
 -0.10722551914718574       -1.4707946423323232E-002  -9.1005848373171147E-002  0.14140615291597272     
   2.8547936277401702E-002 -0.12710412176921759       0.17943481015491297       0.22173699179828416     
  -4.7388774576842117E-002   9.9683100431863625E-002 -0.17750233583724218       0.20902032364169967     
  -7.0256605671704705E-002  0.11154893386245175       0.13637478088026272       0.18967666210290265     
 -0.14258540039876627       0.12955720767005599       -5.0028190710715181E-002  0.19904393065835038     
 -0.16054516834493715       -2.8276634327936499E-002 -0.12123973371847610       0.20315853947089460     
  0.18251538127635486        1.7929325665350743E-002  -8.9372312615372013E-002  0.20401160600193111     
  0.15748619198465152       -1.4434635663902559E-002   2.4546781791806374E-002  0.16004000708857358     
 -0.16902024373822727       -7.2003054604919084E-002   3.6221797618016367E-002  0.18725464290225022     
   5.2287281360194275E-002  0.11343687616059175      -0.15416136983944156       0.19841273299838050     
   2.0378722251573386E-002 -0.16363605411764801       -9.5859815866169346E-002  0.19073844611324819     
  0.13718388788043714      -0.15109511004247786        3.6705467577033295E-002  0.20735583599886812     
   8.5896762154920758E-002   8.6990134271303643E-002 -0.13901308508226548       0.18512205442174534     
  -5.7757303498460852E-002  -9.4335479503717790E-002  0.12287496759890576       0.16532799660989611     
 -0.18616905001625705       -2.9794059317314471E-002   1.4609703104174348E-002  0.18910326432759270     
 -0.11507309468326320       0.15696041058101945        3.7024106423419550E-002  0.19811403803415384     
   8.2306789496407629E-002   7.0194875744177654E-002 -0.15796514557455021       0.19145421226584527     
 -0.12647386406480038        6.9825542401401444E-002  -4.2772811828924492E-002  0.15066770753842409     
  -8.4841367046368465E-002 -0.20152194076050839       -4.8623240652288964E-003  0.21870709262731688     
   2.1532269207135812E-002 -0.14734766600000321       -8.9364449314393968E-002  0.17366916276104391     
  0.14375204377341927        4.7701289789210198E-002   5.2669003869011757E-002  0.16035612587345466     
   1.2302384442720516E-002  -3.8504557827529873E-002  0.21893632030615243       0.22263661420725084     
 -0.14636391912637181        2.6189564083317619E-002   6.0416895545690935E-002  0.16049452126563149     
   4.5421949982586390E-002  0.13360384352593316       0.11662374365032722       0.18306894364730422     
  -3.1866636046339013E-002   3.6456579986773673E-002  0.21272713268641188       0.21816827839588446     
  0.14528103271972989      -0.12761932198122036       -3.3579927470030829E-002  0.19626737207174849     
  0.12778910612792671       -3.1645681031676538E-002   6.3762717631751023E-002  0.14627778003756942     
   7.1966414467694195E-002   7.5876909835294687E-002   8.8026925011987278E-002  0.13669385423110805     
  -6.2045501118917060E-002  0.12199460102156867       0.15408451237736856       0.20609309508588761     
  -8.3913331776383812E-002  -2.9952963278463134E-002  0.15480402986374914       0.17861387102078877     
   7.7257996518431293E-002  -2.1530678449220266E-002 -0.14343183084507349       0.16433215826518993     
   9.6275198384263586E-002  0.18308526714223997       -8.7062464079095070E-002  0.22443039348537089     
  -8.3709441392171124E-002 -0.17614359027383789       -7.2876814281783775E-002  0.20819429634984868     
 -0.13961478992424065       -3.6788818285208379E-002   6.0816237896088872E-002  0.15666627431660463     
 -0.19342947078460163        5.1961555488363009E-002   1.5423332093994947E-002  0.20088016972728526     
  0.17702688860510782        7.4588126246729579E-003   9.1357255052939304E-002  0.19934969582565967     
  0.15225740091109549        6.2256225316246229E-002 -0.14862971270410535       0.22169561389737547     
  0.15369888767587853        7.4621940651114313E-002   2.0092123124851313E-002  0.17203335580928755     
   7.4541747417101317E-002  0.18227007308793994       -9.7769269596924738E-002  0.21985832194618890     
   2.8844468047605126E-002 -0.14585683430480456      -0.11334789395311846       0.18695979384342484     
   7.5604942147535645E-002 -0.15034590929632452        9.3141013420776853E-002  0.19234148824504865     
   7.2593416752545895E-002 -0.10798555259240623        6.4958658893825447E-002  0.14543146526725401     
 -0.13604275501259569        3.6826186322491926E-002  0.13436463041491356       0.19472455699529098     
 -0.19078124432433083        3.4279992191255597E-002  -2.1300631794607412E-002  0.19500337936923554     
   4.8722260023275787E-002  -3.5757030808001085E-002  0.18338407380788777       0.19308584205051613     
  0.15811779664391168       -5.5379707005341131E-002  -5.8783661540971477E-002  0.17754905921374614     
  0.10099491818280619        7.7261002890268757E-002  0.15080311418078982       0.19725824523447980     
  -8.3892355601978386E-002 -0.15465853666389498       0.11569312159615583       0.21057561272884626     
  0.15236236945999612        5.4558031111966596E-002  0.20361710651635906       0.26009766714135091     
 -0.16646462793829175        7.8202026250053625E-002   6.5039329425062214E-002  0.19507983913339108     
  0.11727123363097451        6.9767642925231854E-002  0.10253728624577585       0.17068673442104818     
  -1.6930176637981836E-002 -0.15239404227224429        4.8995385245863016E-003  0.15340984479107511     
 -0.15031218766590956        6.7680056150750539E-002  -6.5560529883899515E-002  0.17740497975011310     
   1.2229278021426843E-002   6.7203292606735507E-002  0.11609511255452154       0.13469934274954309     
  0.13927939848940823      -0.10944668450700845      -0.17789305431302505       0.25104435139226872     
 -0.13307121372584949       0.14039588799630739       -2.8752738720889032E-002  0.19556501034871782     
 -0.16018788937518599       -9.8685794309020816E-002   5.5241117092130296E-002  0.19608831407930877     
  -5.3562433133961217E-002  0.18807093838009115        7.5098160326422206E-002  0.20947397401780279     
  0.17346269219532351       0.17756354620289166        2.0713641511762047E-002  0.24909270055237223     
  -9.1941719735564656E-002  0.16414227281843771      -0.12437234996026839       0.22553147671350671     
  -5.9099389502468611E-002  0.13046103022163763       0.14359268744280665       0.20280946263205546     
  -5.3453932759843704E-002   2.3392942438787125E-002  0.21914813169332639       0.22678283953622644     
 -0.11730137543050388        8.6354570935446739E-002  0.11536456960992199       0.18581094833355666     
  -9.3345813161044247E-002  0.14715951419948500       0.11348323658371225       0.20796107433757841     
  -1.9580690683097021E-002 -0.18186356258721809       -9.6132353122596464E-002  0.20663781880727858     
  -6.6484057390247597E-002  0.13566854205800211        5.5077145946686536E-002  0.16080912659686400     
  0.17438228949683876        4.9134768438381216E-002   3.6281613999265647E-002  0.18476948848239078     
 -0.19290825707106796       -7.9180733901695388E-002   8.1266390641687697E-002  0.22380216825432170     
  0.16801303430940615        4.7982794538750935E-002  -7.4891337676866204E-002  0.19010376305752621     
   3.8856319706000550E-002  -2.3438897400834040E-002 -0.13947459067657225       0.14667091373840666     
   9.3624453116759015E-002  -9.6286402876495300E-002  -5.0635287738719059E-002  0.14352888895511537     
 -0.10914538745647498      -0.18729091879874304       -7.3136259044415966E-002  0.22877831246539371     
  -5.2108702287049176E-002   5.1669141380600865E-002  0.18283015247618356       0.19700731377162975     
  0.12153748406021546       -7.8945225439652433E-002  -5.8260955742339103E-002  0.15619874396234903     
   1.3436802663196117E-002  0.15777601626094942       0.14199574467574838       0.21268899943110686     
 -0.13576513972726564       -2.4561734312814387E-002 -0.13481844747832744       0.19290273647121697     
   8.5234428136936893E-002  0.21889761647296455        1.6797471371716725E-002  0.23550632535424476     
   2.6377730704253014E-003 -0.13351038127777412      -0.16130344942983585       0.20940578443221500     
  0.24615755055805177        7.3370008632306152E-002   5.6432154079283786E-002  0.26298533395889689     
  0.11537212633864266       0.12438443668188422        3.7230654858680386E-002  0.17369034885616291     
  -9.5960976721193386E-002  0.12213477166639644        1.3066794507408130E-003  0.15532906654736325     
  0.26504653525128230       -4.0528607888477799E-002   2.6224251125274593E-002  0.26940665406253184     
   5.5280485445608686E-002  -7.8117524147484893E-002 -0.17722040951462059       0.20140842385204463     
   7.0778571231307014E-002  0.16253582571616543      -0.11767704897969979       0.21278014156248595     
  -4.8566645697510576E-002  -4.2031923868169500E-002 -0.20214910055663551       0.21210766264853295     
   7.1027813772805620E-002   5.0109838166431879E-002  0.14868766084259175       0.17223230445317725     
 -0.11803639536490954       -2.5646160275267088E-002  -6.9010966298272247E-002  0.13911444798088801     
  0.15113940840481283       0.15508458108619369       0.13408188008293986       0.25470040956035556     
  -2.9319835260919212E-002 -0.20792760383273756       0.11601549163942401       0.23990234570693253     
   1.2966256016115705E-002  -1.5928943981714381E-002  0.15645560950431583       0.15779801265166496     
   2.2847777443519575E-002  0.12466724795777945       -2.2848368188754083E-002  0.12878661256653945     
 -0.17194769283802347        1.8313534539802272E-002  0.11248648371166696       0.20628767204434423     
 -0.14257682151912343        6.8460060056021298E-003  -9.4167933558719039E-002  0.17100472959378651     
  0.13645054904457216        7.2574349512429914E-002  0.14306173321287979       0.21060020904925694     
  -6.7472630954129073E-002 -0.19564772484510173       -2.1178450163845744E-003  0.20696635821420389     
 -0.12252846530613253       0.10511991664184091       -3.1891446581307492E-002  0.16456149625629957     
  -4.5075310012425054E-002 -0.13418908469449720      -0.10244033090447971       0.17473555854399661     
 -0.14662368175516891        8.8934340600445944E-002  0.13572175748417428       0.21869663107617868     
 -0.21247604577101578        1.4688610137456645E-002  0.10739813347410312       0.23852921072266656     
   2.8507485337762751E-002  0.12449776528641873       0.13875844422281289       0.18859023337577807     
   8.4878729247214457E-002  -4.2111655112212730E-002  -8.6860780472432397E-002  0.12854020911447120     
 -0.11179731592855228        7.2491101597177032E-002  -3.8411809139571519E-002  0.13866891050619690     
 -0.16913719134215141       -8.8160765532188490E-002   4.3931247004780814E-002  0.19572854809078852     
 -0.22384216346133762        1.1403152533738387E-003   9.3766071479758697E-002  0.24269052437760416     
  0.11134811669567810        5.6393750774835091E-002  0.15754101988723432       0.20099211717188942     
 -0.10565357874103525       0.10483037892581493      -0.15465128729381250       0.21463715360615321     
 -0.14388759799120771        5.1000724883219266E-002   3.0384769923075934E-002  0.15565329754801691     
  0.10748166297179818      -0.19562161090515556       -2.5575264564378284E-002  0.22466467609717650     
  0.20391861694084612       -3.8506740771171527E-002  -5.4277009470023466E-002  0.21450306565849997     
   5.9671025262734601E-002 -0.12579352194877880        9.6690782670735040E-002  0.16951032084703019     
  -4.4168331414262726E-002   6.4188019682807906E-002  0.14130700428244378       0.16136484384772065     
  0.13428576896400277       0.11179262366692072        4.7830469649693133E-002  0.18115742402534185     
   1.2077751285176890E-003  0.19402194524278341       -2.3343986269603580E-002  0.19542496168992882     
   8.8902588331278676E-002 -0.11062226920346949       0.17253922285062631       0.22340711733878080     
 -0.12370272553257909        6.7571408550504072E-003  0.17172723510974275       0.21175048178259345     
  0.14320422066306901        5.4205879330120284E-002  -3.4728668788172969E-002  0.15700893797955306     
   3.3284042204897876E-002  0.13613914348139058      -0.12985501251074763       0.19106024737634592     
  -8.4642964970944572E-003  -7.5155785480345710E-002 -0.11577926942424814       0.13829271721522832     
  -2.6448069819394893E-003  0.14227725907772362       -9.5818869582747199E-002  0.17155485776496368     
   3.1120899197962397E-002   7.9032531538000654E-003  0.16457766328033968       0.16768058631851110     
  -8.0757491565520104E-002 -0.15775022666246619        1.2109063038849757E-003  0.17722407497315734     
  -6.0273076433132483E-002 -0.20610958597102957        1.6452536309420049E-002  0.21537105451493765     
  0.10390418587245615       0.21808962646761712       -1.5509564988941380E-002  0.24207377309561826     
  0.19329881675072261       0.13303444662288763        3.9094049335269138E-002  0.23788850589912039     
 -0.20059403633843631      -0.16036672816840056        5.4612273077229462E-002  0.26256038408077759     
  -7.8405979300636183E-002  -2.0257311490975732E-002  0.13373726232342792       0.15634420869574792     
 -0.10538724890601636       0.10480980091585736      -0.17471131173504328       0.22938092564156196     
   5.5640288791723461E-002 -0.13229905158064276      -0.11644649702915294       0.18482063590498893     
 -0.17673760257120572       -1.8071671025265065E-003  -3.9977667183445739E-002  0.18121164391115782     
   9.2917676913810435E-002 -0.17569935314782203        8.3268904031246371E-002  0.21549400863640561     
 -0.15572005000106742       0.13239016113606414       -6.5337277516832284E-002  0.21458063419442008     
  -7.6591055365719793E-002  -2.1451843183728229E-002 -0.16944946846074613       0.18718839093181880     
  -4.9191187607719469E-002 -0.20696206785015742        9.1628884900955485E-002  0.23162237157766855     
  0.19087604473114789        2.7435360488816951E-002   3.1055313790111339E-002  0.19532228744298688     
  -3.1057023824226582E-002  -5.5918023441666749E-002 -0.19309787945810936       0.20341621156058309     
  -6.8410407172535784E-002 -0.17046842787817673       0.12483988024975516       0.22209111736749509     
  0.13514359021171357       -7.5414212773420877E-002  0.12588682530291212       0.19949583015289385     
   3.7087472190247411E-003  0.17988726116346687        3.3447636797189512E-002  0.18300799420283440     
 -0.19193941627462888      -0.11771245084917671        7.6433661176513540E-002  0.23777944647427199     
  0.16883656191591517        9.3780377842357071E-002 -0.10633278098524503       0.22047041574755105     
   8.5503330140898337E-002 -0.16321697535273016       -8.9241369274342508E-002  0.20473060957862832     
   3.7586976904397933E-002 -0.12390878472683997       0.14287924341289435       0.19282283569000647     
 -0.10871299097270364      -0.15574989978852791       -3.2437353929765392E-002  0.19268816159881877     
 -0.10984042342121909       -3.8378088176378000E-002   7.6961450780929086E-002  0.13950219057682181     
  -2.8422743584763412E-003 -0.14745462547060126      -0.11918225142690780       0.18961897096912747     
  -1.8246821963325541E-002 -0.19687030624032392        4.2858160092025387E-002  0.20230592150847662     
  0.21142964599736208       -6.5772061314179148E-002 -0.13213373626164115       0.25785225132728029     
 -0.10426232424553754       -9.5518942407815499E-002 -0.16678621014578934       0.21865987402947204     
   1.2972212591075621E-002  0.11301371262253647      -0.14098866287464101       0.18115788859284185     
   9.7483371718941808E-002  0.16416197053606993        1.5518161748863477E-002  0.19155410117260022     
  0.11332358275429978       0.12491472454063578       -9.3645362024615368E-003  0.16891896682617011     
  -8.5754540350705302E-002 -0.18292736357619960       -3.8130831496985998E-002  0.20559723209798181     
  -3.6546705636392333E-002 -0.18675867407334751        4.8605618706608414E-002  0.19641020901256676     
  0.11102928330220191       0.12353474543635697       0.17076714884436522       0.23822206909742791     
   7.6660982650429435E-002   5.6132624931722698E-002 -0.12222472961431692       0.15481169972565956     
  -6.2968613195409279E-002   5.0547003964613410E-002  0.18913161479854457       0.20564730383318125     
  0.10420954855025033       0.10464233871363243       0.12384896904577147       0.19273872520644630     
   3.7077923734359350E-002   2.2738562020231900E-002  0.15178984948413354       0.15789861632583996     
 -0.14839768712491219       -1.7787803404717896E-002  -6.1178018717372884E-002  0.16149622121948071     
   6.9965878140922678E-003  0.18884242026492046        8.6180268997578371E-002  0.20769557216524406     
  -7.0177485281080976E-002 -0.19042795704766721        3.4255513155569961E-002  0.20581818784372763     
  -6.3049512005275435E-002  -4.5747400462423857E-002  0.14681121497016392       0.16619746825444853     
  -6.6569913839194542E-002   9.5522358966511674E-003  0.16023025648280473       0.17377149861737523     
 -0.10989859890541322        1.7685151082160469E-002 -0.15703401458856669       0.19248415090072715     
  0.10759216049232445       0.12263461163736818        1.5300110763841687E-002  0.16385790905610886     
  -4.8178878733591682E-002  0.13981677851593752       -9.8510207972927699E-002  0.17769129687598750     
  0.13595373620270015        2.8470502077172732E-002   3.0138875060300836E-002  0.14213493471311020     
  0.15624022425322753        7.3016263582849530E-002   7.5067818955864424E-002  0.18808923378303560     
  0.10929700963473922        8.7476755140807855E-002   3.3417052594935895E-002  0.14392608661807577     
  0.10599137670778283       0.16513049575294608        4.3958182684948673E-002  0.20108350103623171     
 -0.11874269191828002       -5.9321150069833947E-002  -2.8871970568570490E-002  0.13583967172413117     
  -8.7340130845306438E-002  -6.9103265266331620E-002 -0.14229450494257959       0.18069666810264667     
   5.7094590484249169E-002 -0.13582276276657071       -5.8418954726098281E-002  0.15849413055188569     
  -5.3745524349915003E-002  0.15695608452597826       -8.1106965380322721E-002  0.18466763032696937     
   6.8581733328540243E-003 -0.11639078470592407       0.12588994015205096       0.17158708091640004     
  0.15605764114597526        9.1335842320629759E-002   5.4963213808815442E-002  0.18898988947734344     
  -9.9403081415121150E-002  0.10950176509806532      -0.10787564508796774       0.18305399191921015     
  -3.1684371506109858E-002   8.8513334878759259E-002 -0.12949420190347261       0.16002268019163376     
   1.5980903899515290E-002   3.1582186263532791E-002 -0.20263160298607694       0.20569975767447352     
  -8.6430833336749488E-002   7.8246227177075509E-002   6.6649972542263333E-002  0.13429437761356927     
   2.3701186112892372E-002 -0.18746609827351610       -9.8844288793827929E-003  0.18921677029091563     
  0.13399453094248356       0.13779058979065084        5.0871313681160907E-002  0.19881818707804036     
  0.16249715267120210       -4.7189236248518777E-002   4.1305129929701659E-002  0.17417882305973945     
  -4.1256664225862182E-002   2.6010721029855202E-002 -0.15214858224107444       0.15977440667862761     
  -3.3930108774533445E-002  -4.9898243179414839E-002  0.22471353913988451       0.23267415332738636     
  0.16307199193695118      -0.11239927426493063       -1.7409709094460005E-002  0.19881943914094991     
   4.5514130681796619E-002 -0.24423517499920716        2.7475124852143207E-002  0.24995447442335147     
   9.5926781745840906E-002 -0.16206616075154667        5.3878962188128481E-002  0.19588346148496086     
  0.18450529229128326        3.7889743665053301E-002   7.6570535997146805E-002  0.20332457436666546     
   9.8532664265974373E-002   6.9699971251667700E-002  -6.5005852764748490E-002  0.13708585927624586     
  0.13419117001155309       0.11237465705228938       -7.2028119868111987E-002  0.18927066256666486     
  -7.0019761903203512E-002  0.21075215809481385      -0.15388689160397684       0.27018588898411561     
  0.18357152588766226      -0.16480936785602926        9.2929081327397210E-003  0.24687444377940818     
  -3.1788289508479409E-002 -0.20664311526956439       -8.2022429000333213E-002  0.22458751367184257     
  0.10943002315342479        9.8109226522157367E-002  0.13234705949301290       0.19777789171841773     
  0.18604763391462015        4.1949514227329683E-002  -1.9505531183915084E-002  0.19171319614440768     
 -0.16837855446136443       0.13052875835217564        5.6311401215026265E-002  0.22036349122815010     
  -5.8878195072723641E-002  0.14074781092077776       -9.4312796347787997E-003  0.15285789861685950     
  0.10309698429427719       -1.2903547333636812E-002  0.18009085915714351       0.20791394194792215     
 -0.12636678583970226        7.8037384328827914E-003   3.3815655377585824E-002  0.13104564641987032     
 -0.11482846939745207      -0.14221380879847229       -1.0907548698440888E-002  0.18311012920026812     
  0.10590156200956605      -0.15571495659941009       0.12639739189287560       0.22680076988877995     
  -8.2081878284816862E-002  0.20539312771709484       -8.2509022532460605E-002  0.23607522202771813     
  0.11345577314940657        9.6055899753233087E-002  0.18159262111673763       0.23468026841296177     
 -0.19300562700198143       -1.1654819559270670E-002 -0.11155744269990052       0.22323097879803494     
  -2.7321458034312886E-003 -0.11329920200851548      -0.19302508712926331       0.22383667719504166     
 -0.11229712831703581      -0.12630245623460126        4.5350553370276485E-003  0.16906662061464434     
  -6.7137724614250716E-002  0.14963004613062153        6.3677660504062837E-003  0.16412548009344435     
   5.4292499371885086E-002  -7.6031862251229945E-002 -0.19068246485412874       0.21234010918402152     
   3.9825109114484898E-002  0.17367655354746064       -8.3441689602568370E-002  0.19675390753892527     
  0.10056449256088466       0.15221550413590110       -8.5064022686752241E-002  0.20129248574903896     
   9.7120845959671728E-002 -0.10909610630493341        9.2359459611416880E-002  0.17281402984287056     
  0.15773142344898844       -2.6416376271179924E-002   9.9347483753847721E-002  0.18827360252240805     
  0.20436069345632601        4.4504376677867073E-002  -6.4131623968355977E-002  0.21876196599558739     
  -2.6963907193886128E-002  -4.5045987268622724E-002  0.24013194035902638       0.24580386905164131     
   7.7237369411605791E-002   8.7783453389723112E-002  0.14200871798121750       0.18395113999461790     
  -1.6001214389168371E-002  0.16582018730252263        7.7103093813307322E-002  0.18356813572773320     
  -3.7527566921200767E-002   1.6223056359895387E-002  0.17036035732806520       0.17519748053447459     
 -0.10622600126419052       -5.0920126768775067E-002   2.4514077232173383E-002  0.12032357473609605     
   3.8418459413065133E-002  0.15123198188038575       0.13504369934934438       0.20635864678054752     
   6.9951626564760575E-002 -0.17286536463208338        1.1669503217002327E-002  0.18684710769442081     
   7.2029916481772760E-002  0.10412176337546299        1.1839752538158534E-002  0.12716064728111404     
  0.24151244842322983        5.0548230606425354E-002  0.10184165085346703       0.26693652468214812     
 -0.17971925876002792       -6.7112736299657610E-002  -4.4164991356389530E-002  0.19685953826114500     
  0.11397706029298821       0.15731524660199106        1.3069905647836937E-002  0.19470408192978411     
   8.7424613137631682E-002  -1.1959760151140060E-002  0.16126093356368848       0.18382379481168837     
  0.15267306495450111        6.3641188253738740E-002   7.7882628820968219E-002  0.18282496951186356     
 -0.19934043844767230       0.10498072358104356        1.2907194487492593E-002  0.22566381720082565     
  -4.2820908998117885E-002  -5.7313233137061992E-002  0.15278941877327651       0.16870993873842755     
 -0.18657123469642950       0.12170046182006525        2.1354554000626590E-002  0.22377632805981293     
   2.7219229800238179E-002  0.13818279239270703       -7.9515164370107153E-002  0.16173444886346663     
  0.17106423415723021      -0.14193356364689966        1.7302626802811628E-002  0.22295176516813134     
 -0.15037840480865311        5.9751151223291707E-002 -0.12897307570279976       0.20692491140881017     
   6.3239216348121810E-002 -0.12948133365621395        3.1880035075365382E-002  0.14758370806468743     
  0.11511724451547319      -0.10092859542781178        2.0164751838186352E-002  0.15441884139107440     
  0.16916377420499118       0.12599440811116097        1.6470724910811030E-002  0.21157092937747055     
 -0.11503148008997334       0.10230264042256516       -9.1678805589676837E-002  0.17917331007565931     
  -1.6371786187629592E-002 -0.18197305694144836        5.1280219414082118E-003  0.18277999191547370     
  -4.5458700963843329E-002  -6.7795127040110550E-002 -0.21182924439660064       0.22701167706825046     
 -0.14985098464838559       -3.2925989923641118E-002   2.4892158039696043E-002  0.15543184340544769     
 -0.18188558012382369       -2.0994055462608935E-002   1.7106108758975652E-002  0.18389054782293973     
   6.9664444758518490E-002  0.10966823899587524       0.10615359594442207       0.16777617065573019     
 -0.21399581521432312        8.0791590782597178E-002  -7.6736911599335406E-002  0.24126757691871817     
 -0.15420308362664936        6.8500729034265559E-002   1.7431932982567448E-002  0.16963140383107725     
  -5.1811723710819942E-002  0.18525270483379105        7.4043473813592164E-002  0.20612000236878070     
  0.18014958634698586      -0.10040254628620676        9.0255462604418593E-002  0.22512350675058704     
  -8.7430103500144449E-002 -0.12430720704712203      -0.14798166837273130       0.21211996345530296     
  0.12229357251288207        8.9673674096285114E-002   9.8455723643534748E-002  0.18080546236787867     
 -0.14092164910771574      -0.15398494771601534        8.2412219963486535E-002  0.22441490438393841     
 -0.14262799031516546        7.0003355870008860E-002  -8.9320798621801270E-002  0.18226743680877946     
   6.6392472846689268E-002   9.4578099640500651E-002 -0.12126564073434676       0.16750621781002190     
  -1.2893897585432223E-002  0.13908562364499077        8.2434349213368105E-002  0.16219274099012926     
  -1.8713336141086542E-002  -8.8909055523286054E-002  0.13039428028213462       0.15892664167428927     
  -8.8649882936767690E-002  0.13516095389372046        8.0373886875466111E-003  0.16183907074337070     
  -1.4211556515932781E-002  0.12298377083251423      -0.19114105234727649       0.22773203138604420     
   7.8552726410288959E-002  0.19420993625866392       -4.1018761276261778E-004  0.20949510357514725     
 -0.20338431022052805      -0.10279344580621855        5.1929560532307309E-002  0.23372708315827362     
   6.4332922916141622E-002 -0.10751735808893560      -0.13290428581394470       0.18265337787479685     
  0.11110794511728370       0.18922166186037662       -2.1188030141015952E-002  0.22045123135660782     
  -2.2878297799494494E-002  0.21185224724201307        4.5126347387247530E-002  0.21780995936873027     
  0.13570155859340902       -9.2440718645964148E-002  -2.9439445103915267E-002  0.16681390948146130     
  -9.3486657535824247E-002 -0.17688505139798988        4.7019005530168398E-002  0.20552095617317476     
  0.12045127972199167        5.4878085776337196E-002 -0.13456352475333946       0.18875237026109926     
 -0.19430598771920593        4.8816081903157317E-002   8.9762959294982219E-003  0.20054525824493058     
  -2.6326431584142163E-002  0.19793393409224591        2.1310186192566759E-002  0.20081097405458181     
  0.17316394741570451        6.5800226760664812E-002  -8.8241428784762113E-002  0.20518765138360551     
  -6.6674580504916897E-002  -6.9883448246366511E-002  0.10822281163011008       0.14505644756933597     
   6.9325602334270334E-002  0.14960624478407650      -0.10570629952806698       0.19586191405508072     
  0.12641315301248213        2.2860341801994685E-002  0.16327730441720967       0.20775552608682013     
 -0.18522383808871545       -1.0370970722703269E-002 -0.18306571748271322       0.26063093474778931     
  -5.1212737283600832E-003 -0.20470054471956053       -2.1339590983143204E-002  0.20587355001654156     
  0.12105804205846317       0.13303073153047290        3.0761723418588807E-002  0.18247878974347442     
  0.15429053808946219       0.12487338615402646       0.12342701620042222       0.23373737621879748     
  -5.8805591769536140E-002   4.1016068704602462E-003 -0.14966311471575816       0.16085387377588184     
  0.12606947074006938        3.3593080354792047E-003   9.9828682053636916E-002  0.16084328448438429     
  -8.9226338381578382E-002 -0.14984761201919392       0.10166678375520384       0.20187070418455019     
  0.21723143977254819        3.0005761241128255E-003  0.14716479511105537       0.26240422786763506     
  0.19001501881091698        7.7620292299006022E-002 -0.11693114049489711       0.23622766300273479     
 -0.10865394917714918       -6.5422484280498031E-002   9.0277847440920170E-002  0.15567874569056814     
  0.18564051554707511        6.5250062172535539E-002  -8.5774370696419355E-002  0.21465603717219403     
 -0.10044800996464523       0.16446136380328291       -7.8928710471140973E-002  0.20824765119090888     
   4.8759729377665900E-002  0.10231273486890330       0.11619010385575319       0.16231311456363723     
   8.5567637589691770E-002   5.7309786815452492E-002  -5.9399266952938047E-002  0.11888862511636612     
  -2.7348998494180318E-002  0.18717679313379351       -7.0077821368908375E-002  0.20172759021586076     
  -1.9594859066830169E-002   6.3476248600974700E-002 -0.16512808579644794       0.17799010466062642     
  0.11255142575704158        4.9520157751565758E-003  -4.4375740047157809E-002  0.12108489668374486     
  0.10883533066971433        4.3001280727332773E-002 -0.19870639996604803       0.23060458090342437     
  -7.3861992056720560E-002 -0.15722469002281830       0.11872968275394612       0.21040896984256885     
 -0.10987793803732776        7.5391148812076189E-002  -3.0918838357789781E-002  0.13679532576785869     
   4.6800146455083257E-002 -0.20426660355792184        1.9947767681129856E-002  0.21050656159076556     
  -5.4923567190790216E-002  -2.2262514661399984E-002 -0.11720449796325108       0.13133587527719920     
  0.15125779180773474      -0.11367512386129625        4.7400372124615085E-002  0.19505832113751276     
 -0.15478521125406408       -5.6794239511050858E-002   6.3385306010067088E-002  0.17664015478535366     
  0.17255836297444380      -0.10634119566429930      -0.10727770601670122       0.22933238919947277     
  -7.7841884337121262E-002  0.11480839191855934        6.3848384373315081E-002  0.15269886050380949     
  0.15640357573993752       0.10337877327630624       -8.3531331737183544E-003  0.18766732294720403     
   8.9007706541587808E-002  0.16224130320092772       0.12873116921524169       0.22542476841654283     
 -0.10887802621045413       0.11491280581953511        6.0158909860978063E-002  0.16934719356536088     
  0.12498339710723869       0.10507988163235740       0.18609451220643791       0.24757584403509167     
  -9.7810721053964919E-002   4.3382305992233586E-003 -0.17941667579118109       0.20439202760818820     
 -0.17663482760745761        8.9758024999039426E-003   6.3402198894152967E-002  0.18788365064328316     
  -9.4629100350915873E-002  0.16926982496785070        8.6734266388027920E-002  0.21243769261536408     
   3.5345331257001719E-002 -0.18383097022972780       -1.1042392246597782E-002  0.18752347182099091     
   5.0141804269675808E-002 -0.13862872203584897      -0.12626739528682390       0.19410197892146849     
  -5.1756363294503838E-002  0.13360468327872796       0.13120658553868733       0.19427841008254815     
  0.10930040795912647       -1.5124299278552456E-002 -0.13668549537861757       0.17566515948131772     
 -0.12702248796209784       -9.7737470632231316E-002   6.9223467446380665E-002  0.17458297184710683     
 -0.11299714058746436       -7.7325618031428067E-002  0.13852539302206626       0.19477394460451691     
  0.11618363462335378       -5.3368506125958060E-002  0.10802823566136195       0.16738259796202276     
  0.15205612724146950       -8.0792795261391936E-002  -6.2961506822721752E-002  0.18333764735921207     
   5.7766368198147101E-002  -7.1731857866542056E-003  0.15249917510127456       0.16323114376767370     
  0.14559578368774093       0.16645488952275556       -1.6449457177722504E-002  0.22175650411007547     
   4.3131032775473879E-002  0.12745545029533367      -0.11702589213754769       0.17832621015670755     
  0.15066073175665182       -1.5718572133188082E-002  -5.9770936863754898E-002  0.16284438736697990     
   2.2020627733885433E-002  -2.0264547616745818E-002  0.16447693489450771       0.16717721749149270     
  0.12883929496251376        5.3145589094836819E-002   6.8536015253948521E-002  0.15531002206414216     
 -0.12663231086475688       -6.1100666294611056E-002  0.11439137408138808       0.18125788269982054     
  -5.6910839858636916E-002   2.7461326307198910E-002  0.10547969408405670       0.12295907449241825     
  -9.2612184964599234E-003   9.2326878819298824E-002 -0.10234113673324854       0.13814387785351234     
 -0.16056447118219971       -8.8449147327465283E-002 -0.13654583470406756       0.22858032733375294     
 -0.19215146493095242        6.9868850376146346E-002  0.12047099714078822       0.23731224764030018     
  0.15049396646695604        7.8450450198025962E-002   6.8974495244354631E-002  0.18319494554556831     
 -0.14582014996892748        7.6373410707236425E-002  0.10012638195394152       0.19266994151450637     
   7.0295715485472227E-002   3.7165958618844315E-002 -0.10868472249692912       0.13466686674867948     
  0.18074187528719662        8.0059947841041104E-002  -4.9057160864295582E-002  0.20367578590178104     
  0.14846278299809129        1.9995950806876189E-002   4.6835601468975377E-002  0.15695416384782548     
  0.14881388070486454       -7.9485605578249158E-002  -6.7799214587836762E-002  0.18182482251692200     
 -0.16969792539284817        6.3350049178931792E-002  -6.1199360289297594E-002  0.19119617232944019     
 -0.18285033416003404        3.4343190283426542E-002  -7.3751260176024069E-002  0.20013232572183673     
   5.5280153032075410E-002 -0.14023452848522824       0.12139149801474110       0.19353943807138341     
  0.10964679190950269      -0.10636085201666187        5.8269079923417233E-002  0.16349414513332769     
 -0.21077358174191202       -2.4352586559227257E-002   1.1651685741941309E-003  0.21217895477696513     
 -0.11088062992719068       0.16395902219166256      -0.14048420912793574       0.24271977271206871     
 -0.17149751410290254        7.2335335365096023E-002   4.9370012875911487E-002  0.19256478457190410     
  -7.9462921024789301E-002 -0.18837745119622809        1.8012690684642646E-002  0.20524345778289696     
  -1.9236008757263008E-002   1.8366153531143486E-002  0.17143203133488133       0.17348279740666731     
 -0.13285608449812170       -5.2729443752224069E-002 -0.17853969368099337       0.22870845119123595     
  0.12964349181940221        8.7298995432877141E-002   3.1886420221060231E-002  0.15951580915141592     
  -1.7480578508230888E-003   9.2474551323740134E-002  -2.1952260757739199E-003   9.2517119314755092E-002
  -9.2944913571235049E-002  -4.7716479457696765E-003 -0.11530733004599389       0.14817997821979353     
  -4.8182018948697850E-002  -9.8125970253099215E-002  0.11249243964980618       0.15685905127358790     
 -0.11248744862406289      -0.13790665836965696        5.9763873679692610E-002  0.18773223782248671     
   5.9082086514637866E-002   5.8609902949157008E-002 -0.22090493233636765       0.23606101499647911     
 -0.12565069926213973        5.6250179781762111E-002   4.7615133910284789E-002  0.14566874039353672     
   2.4609397155284696E-002  0.19259251686569753      -0.11429131026418322       0.22529980821765985     
 -0.16226835406526008       -9.0404214516535283E-002   9.2548953397617498E-002  0.20753132175263259     
  -6.3387711442166789E-002  0.16007003412789975        9.6095328697546653E-002  0.19716675679503359     
  -9.2001682970165491E-002 -0.11710629801903946       -5.8195559799491772E-002  0.15989033080659740     
  0.18275725570176093        7.6966507160439596E-002   2.6521860256547559E-002  0.20006865523510839     
  -9.4672385077594595E-002   3.2006101721232548E-002   7.8846363204327224E-002  0.12729493326216454     
   3.7794741290187048E-002  0.13535645576301802      -0.17754882590618853       0.22643630046126453     
 -0.13902667713031677       0.14503336740241329        4.6194842788689003E-002  0.20614814603641829     
   6.5047166423609346E-002  0.10085854799933840        4.3041824361622807E-002  0.12749972238656979     
 -0.11368682846796327        2.2716289375728088E-003 -0.10183700615553089       0.15264544240774358     
 -0.11039477429774509      -0.10737685065624986      -0.12910322801735255       0.20095879610906608     
  0.18368179988921113       -7.9389550915742013E-002  0.16462427813228211       0.25911938822812619     
 -0.11129283896966903       -4.7856165641105633E-002 -0.11278078719252593       0.16551681049235889     
  0.19885155988431880      -0.12108508695939739       -2.2811096002202848E-002  0.23393137295628685     
 -0.10628743471169670      -0.10871445122424765      -0.14346794729002260       0.20904282475654412     
  -8.4105311648619438E-002 -0.11573724448308981      -0.10938515705110985       0.18009421365259315     
   9.7648398120392874E-003  0.19770451528793126        1.1629670075325848E-004  0.19794555056053481     
  0.12707844274508845      -0.11627796332154358        3.4030644293717480E-002  0.17557784631259288     
  -2.5708361202877006E-002  0.18127695853166165       0.11673288104558892       0.21713779276632381     
 -0.13705914795817570        4.0107069793703196E-002  0.17179382896964804       0.22339853795070092     
  -8.0996216319409522E-002   3.8598878941909623E-002  0.16843157778711529       0.19083882442912356     
  -3.3163026058604744E-002  -3.8695492427416704E-002 -0.18097882522160275       0.18801718700734621     
   3.3714038986151308E-002   4.6573550358091652E-002  -5.0459279337770467E-002   7.6497522110226410E-002
  -8.0222124934489117E-002   9.2686319806171896E-002  0.12526645748498080       0.17526559439619990     
  0.10822975157081079       -4.7847562518827158E-002  0.14701096181383702       0.18872014004207907     
   1.6708993982964861E-004   3.2689098500050751E-002 -0.14983695308261580       0.15336139536687848     
  0.13795715562896965       -6.6799723888253157E-002  -1.4479048980451260E-002  0.15396110794665294     
 -0.14409616442245485        6.0255728259479766E-003 -0.10431252437009350       0.17799189551663663     
  -2.7507216728100511E-002  0.11058250560419493       -4.1754294140099513E-002  0.12136127305267708     
  -1.3678768254265332E-002   2.4528736061551159E-002  0.21878686610039261       0.22058209440424276     
  -1.8322797254308435E-003  0.19539132253614258       -7.5894521615331292E-002  0.20962133618178069     
  -5.2399391196511061E-002  0.13164624679453393       0.13310449946995867       0.19440483088647917     
  -2.8915862762437863E-002   7.9163532551993890E-002 -0.16202435514708047       0.18263319431646044     
  -4.7512256625933343E-002   2.1298727416215676E-002 -0.21653518864249377       0.22270729274022250     
   3.5731168713091073E-002  0.11468164670218764       -1.8487317412239725E-002  0.12153344154194624     
  -2.9932118720329668E-002  0.21143070476546913        9.4993494853589350E-002  0.23371486626487795     
  0.14436788934123193        4.0371394777257305E-002  0.14626998317958229       0.20944413328727696     
   3.2070083300021271E-003  0.11796059337488631       -9.9027558274321928E-002  0.15405013401343798     
 -0.13005117610544356      -0.11230316409003725       0.19231048503073334       0.25789267481609252     
   2.5362899474797477E-002   4.6218402910258027E-002 -0.12424586585532625       0.13496833932253652     
 -0.11224513517767848      -0.14444341364121971       0.19465217595544335       0.26711858737192495     
  -3.9613610109385515E-002  -2.6968440449969443E-002 -0.19674336334187020       0.20249564416370322     
   4.3410523093591627E-002 -0.19606235810886283       0.11643696341963453       0.23212601800068108     
  0.13735094056873168      -0.15084870231436179       -9.3366193019518234E-002  0.22436099898155235     
  -8.6018465475036637E-002  0.16097007671901400       -2.9871322456057826E-002  0.18494009275135317     
  0.18426940731888838        3.5125859487164374E-002   7.0982387010338436E-004  0.18758876386471812     
  -5.7645735246384923E-002   4.6572381219523493E-002  -9.8620289234756145E-002  0.12336117271370230     
   4.4202550240081663E-002  0.18186577632446022        8.6805570639580144E-003  0.18736162391686875     
  -7.6935708500174851E-002 -0.11882568479540058       -6.5314691165356376E-002  0.15589950446215553     
  0.13042085715755133       0.10312165810689811        8.9807907165381284E-002  0.18896861258381545     
   2.5029152417904071E-002  -1.8447108888894614E-002 -0.20153398799941621       0.20391837243383992     
  -4.0763878993822666E-002  -9.4917344955112462E-002 -0.15984713928121239       0.19032105543091690     
  -7.4987572139431885E-002 -0.14522812321909506       -2.9155574019042202E-002  0.16602527291194860     
  -2.9588333233469769E-002  0.13626622294197049       -8.9470439949304245E-002  0.16567713361573985     
  0.19442869355912873       -2.9268252466944901E-002  -4.7731588001278275E-002  0.20233005702243595     
   3.3842950282684400E-002  0.16885393917199878        7.3031167989812601E-002  0.18705761025869422     
   7.8553005883445659E-002 -0.16169173568200276      -0.10985612736615644       0.21067311371191266     
 -0.16442186537198189        2.2676874052259006E-002   1.0529817703033840E-002  0.16631195834949236     
   7.7379146607258475E-002 -0.13333051689469660       0.13695724218138638       0.20620825699036763     
 -0.16727429819230971       -6.4824828064128457E-003 -0.10772219279293239       0.19906477397867980     
  -8.6610838783177976E-002  -5.1497236981380125E-002  -1.0580935386061734E-002  0.10131810798216716     
  0.20029900963485681      -0.17503165700680995       -2.6746685037532282E-002  0.26734090479339478     
  0.20902832193307117       -8.4330557457030879E-004  -3.6638403592742834E-002  0.21221668914642988     
  0.18000720699002271      -0.10196694623296852        1.9467932304995141E-002  0.20779521909961704     
  -7.7913909533825779E-002  0.14408004464148089       -4.6974150447805611E-003  0.16386489029331219     
   5.9758831612444344E-002  0.22080124395399867       -9.2516627208594632E-003  0.22893208720146296     
  -8.2045496069505036E-002 -0.16119173570501802        5.2175280437809148E-002  0.18824584716176762     
   9.0410896830564372E-002  0.10499590332797432       0.19758718373518555       0.24132750601157396     
  -4.0924836039127402E-002  0.14806678370411500       -2.9937685141134006E-002  0.15650840115763853     
 -0.14830954230509283      -0.14871052751760017        4.6645942604816408E-003  0.21007689014483233     
  0.16973933626849566       0.10724784939605898       -2.0301505068458691E-002  0.20180608163530120     
   4.0850641331484021E-002   4.0129972792696769E-002  0.10571776678343869       0.12023076073623450     
  -3.0378423039672541E-002  -3.0044379305765822E-002   8.6685843243025404E-002   9.6643410189212645E-002
   3.1302247017934728E-002 -0.13412616546885658      -0.10954963826547738       0.17598517601163982     
   3.5266826096658051E-002 -0.17356793379377067        5.5034732415592390E-002  0.18546805233362035     
 -0.15818758559569457       -5.8840351139632478E-002   7.9341150406460281E-002  0.18649535465166686     
 -0.14415685727023589        7.9840977433926388E-002  0.10227257951453186       0.19394705900371922     
   5.9674294962972455E-002  -7.3643522557836516E-002 -0.17179994819697142       0.19621318022634585     
  0.12832748405983194       -4.5018014620187313E-002   1.5036669609351161E-003  0.13600303606831440     
  -2.8056220584515054E-002 -0.15785862427320888        6.4798693103645041E-002  0.17293168419597801     
 -0.12408437877825262      -0.12378809943151901       -3.9550913910818844E-002  0.17967944069601705     
  0.13025922817928176       -1.2066846331450469E-002 -0.15640125483028264       0.20389808193981629     
   5.6077377797041500E-002  -6.0856951038782692E-002  0.12061548265818384       0.14627486266339668     
  -9.7935572678766195E-002  -3.1164578025425844E-002 -0.18898716232810900       0.21512497494305902     
  -8.4097311752405687E-002  -2.4530097885703459E-002  0.10038814934598494       0.13323612151130518     
  -5.0409241071779423E-003 -0.15050523144348241       -7.2839830811975217E-003  0.15076568580826907     
  0.10632765251779579       0.17758403949431589       -3.2228884477339723E-002  0.20947639907091584     
  -4.9969433370294788E-002  -7.1669580307402326E-003 -0.19987050811198029       0.20614686408408908     
 -0.11010177554041559       0.11742141772934390       0.11525750407241639       0.19797596461117245     
 -0.13240855910221969        9.2618540789367210E-002  -6.7956599121049384E-003  0.16172940862786417     
 -0.16294560360528931       -4.0780173745245618E-002  -2.1415994860198066E-002  0.16933085111944760     
 -0.13482318074214966      -0.12345365549105976        1.7514256175417704E-002  0.18364325277263466     
  -6.1448054849984543E-002   9.9326642479669547E-002   9.6947340422775530E-002  0.15179075125375832     
   6.5999338478425137E-002  0.11139866765792689      -0.11271195498163483       0.17166700507474653     
   4.4987548632673263E-002  -6.6324753168088932E-002  0.15690329097506031       0.17618596747070836     
 -0.16763431637822135        1.6878498555898590E-002 -0.15010141766686022       0.22564703261221117     
  0.18591648215642576        1.8269914780430392E-003  -4.8671838035363374E-002  0.19219059303988334     
 -0.22655325543012325        7.7322974449205786E-002  -3.0790835985423474E-003  0.23940488858723419     
  -3.7263343381116018E-002 -0.14367158139352426       0.15465586350830260       0.21435605001388169     
 -0.15332053441234159       -9.7293620889916284E-003 -0.12545751134765964       0.19834675170693589     
  0.15956738747211607      -0.13262648033109295       -1.1422118562647405E-002  0.20780278925497939     
   4.7226419882447218E-003 -0.10215899540874038      -0.11813286327005409       0.15625023863870885     
   4.9140779811766080E-003  -9.1454493224171332E-002 -0.13302337972198081       0.16150322611624010     
  0.22038738996104323       -6.6967923280238414E-002  -2.1693912167392224E-002  0.23135671640874264     
   9.5586640816263294E-002   6.0308678804840150E-002 -0.15999353463578883       0.19588740073566771     
   9.5145576885383956E-002 -0.13410365229311286       -9.3961467957721853E-002  0.18938117071127905     
  0.10018381480998420        7.7538412613014102E-003 -0.15548919828526042       0.18513187080451518     
   2.2992870053236355E-002   8.3223136368187761E-002  0.13516490075944793       0.16038800733706493     
  0.16544321983394691        8.7253677233586818E-002  -2.8074521423438747E-003  0.18706294386472747     
 -0.11727856597292062       0.12630846433002657      -0.13453657109651354       0.21865081559528088     
  0.14452552131632831      -0.16211605768194767        1.1353535194323564E-002  0.21748136755019221     
   1.9562277623190273E-002   6.6683122662380911E-002  -9.9379827954451730E-002  0.12126694421015702     
 -0.15872451949225383        7.7712686023958297E-002  -5.2643787142525184E-002  0.18440201458176286     
   5.6633140784390024E-002  0.18337959703036122       -6.8262688300969959E-002  0.20370366677160623     
   1.7609291523931928E-002  -6.8385131035505045E-002 -0.16778612387338943       0.18204064562392214     
 -0.17125033093155365       -8.9830696866173738E-003   5.3105679937310579E-002  0.17952042955264264     
 -0.14683886635523477        3.7612139579191718E-002   7.6589881197391657E-002  0.16983031419050507     
  -1.2260894262790076E-002  -6.3481517832532475E-002 -0.21054296287147059       0.22024661597659770     
  0.11103958451806122      -0.13456685851980779       0.10037156348605923       0.20127712115009408     
 -0.19116042138724335       -3.2378398002991977E-002  -3.0371209739309818E-004  0.19388336597869016     
   2.8229513132588792E-002  -9.1731260272551393E-002 -0.13133549812651205       0.16266696834647354     
  -4.3370638565993290E-002   2.8230087641613701E-002 -0.18649308172977935       0.19353971083719584     
   8.4206704678701241E-002   1.5338375908137599E-002  0.10663165861102167       0.13673458050721043     
   5.8086331122804348E-002  0.18714886366862302        4.2681771243206990E-002  0.20055037430087824     
  -8.6543381692190183E-002  0.12155786985968316       0.13657854032790512       0.20228635722076016     
 -0.15345720594056550        9.5231804263088887E-002  0.12201233315923667       0.21795692244397508     
   4.4023200288198061E-002   3.1190770078667190E-002  0.18630780133111297       0.19396263335639816     
  0.10723938347400658       -5.0304490014944116E-003  -8.9059552845972834E-002  0.13948904881088803     
 -0.12922811100688247       -4.1724146583718265E-002 -0.12922522134420178       0.18745657340836222     
   2.0895618752817535E-002  0.14484669564376096       -4.0271591086197489E-002  0.15178601111628609     
 -0.13619162866809154      -0.11909565367984448        5.5533928476249911E-002  0.18925102815229836     
  0.11432996300575890        7.4622326590877641E-002  -3.3034830453724177E-002  0.14046754817337739     
   9.5145753226461682E-002   1.8298272459076934E-002   4.3790496208553790E-002  0.10632567277101387     
   2.4042676224515107E-002   7.9271370311405451E-002  0.17993154532399053       0.19808422812976326     
   4.7033612904690041E-002  -9.7074929159244774E-002 -0.13591676472650416       0.17351965176273407     
   8.6697188567036357E-002  0.16853637495653781        4.8643202124373768E-003  0.18959054248576876     
   2.3599144523342001E-002   8.9332175103646286E-002   6.9990488527482783E-002  0.11591300882686896     
  0.18016695236892027       -7.4634540884907563E-002   8.0841502914347080E-002  0.21110612026290501     
 -0.12752692892694550       -7.2208938920770349E-002  0.12843262303063896       0.19486453530627876     
  -5.2030746806786113E-002 -0.15712271689942425       0.12159108017951131       0.20537560117586717     
  -5.6174416912573848E-002  0.11582009673184282       0.13192580446531363       0.18432112685815821     
   1.5206555469564623E-002 -0.16273386096765549      -0.13387928954189154       0.21127520678709749     
   3.3172541589018070E-002 -0.15223345465095567       -2.3347649638033471E-002  0.15754540607094855     
   7.6426703933371337E-002   2.0743829575539750E-002 -0.20223350309941643       0.21718595100843863     
  0.13841523384598514      -0.10930379127095458       0.10427727764183393       0.20488983961933124     
  0.16179548316942138        9.9835548520676026E-002  -6.5811185756619858E-002  0.20118654848956255     
   9.6868418795691622E-003  0.15958530227729795        2.9934930397261580E-002  0.16265731974437925     
 -0.10864436475775581       -4.7555297514759703E-002  0.15026168373021681       0.19142538471366149     
  -6.2595477159938739E-002  0.11695003105846487      -0.10547909397773617       0.16947372301280339     
  0.16440429992991798       0.10915083215798012        6.2738414875764120E-002  0.20707193604481869     
  0.19679284588101620        8.7104155945851372E-002  -3.5313103257757945E-002  0.21808616057577257     
 -0.15767597054706362       -9.6292001807234032E-002  -1.7005033303952585E-002  0.18553445086471507     
 -0.17167147865656168       0.10632014634449272       -5.7492761800504860E-002  0.20995353715118556     
  -2.4916714550016025E-002 -0.13429742193466940      -0.13462269161673640       0.19178088877779378     
 -0.11817479252408508        7.6934631316205343E-002   4.1511405402723453E-002  0.14699461167804845     
 -0.22463027636389929       -4.9948294096938683E-002   7.4778467273652810E-002  0.24196159263468411     
  -8.2525348190399347E-002   1.3093959823764685E-002  0.15094440212108012       0.17252854085484914     
   6.9194648416320573E-002   1.8212039355106100E-002 -0.20250759494202342       0.21477640409535861     
   2.3864880640255978E-002   6.4496986185074531E-002  0.16293168362394692       0.17685057897407430     
  0.13967945721071251        5.2438440325587032E-002  -9.4703183355663162E-002  0.17671681789845520     
  -8.7107124900060746E-003   2.9447145338438944E-002 -0.19344405602980458       0.19586631587368172     
  -5.5342847406925071E-002 -0.18410593291954816      -0.13074084105917438       0.23248869395336982     
  -5.5008587130781300E-002  -8.2501457488577901E-002 -0.14280701261737544       0.17385706197495579     
  -3.0772738767795838E-002  -6.1458493741644402E-002  0.16346477641216475       0.17732693261809318     
  0.17276206582824660        9.8086568961821496E-002  -7.9280762551976205E-002  0.21389984972123849     
 -0.13668773676137141       0.15210533197525014       -9.1203782058123045E-002  0.22391449095123930     
   5.1650668568296990E-002  0.16312534384031085        9.3496184128956453E-003  0.17136243675624613     
 -0.15812864400504198        4.7615246655158247E-002   8.7937355579222901E-002  0.18709585317470706     
   3.9616335755402063E-002   6.1338065028358632E-002 -0.17453688556462305       0.18919549863225135     
   5.0431066826092483E-002  -9.3729680955509827E-003 -0.19660386350621581       0.20318519674845595     
 -0.10340122808098462       -7.6700712979712954E-002   6.6724407066369548E-002  0.14500675790669448     
  0.15082462230828617       -2.2394611617231087E-002  0.11866972876488932       0.19321513876778959     
   9.1815960485653478E-002  0.16432595820586895        3.5951350359843419E-002  0.19163948114330795     
