  0.13727173294380465       -6.6073701373381533E-002  0.13224555863559453       0.20173782604512844     
  -3.4251292421885612E-002 -0.19871788084849842       0.13896545414910119       0.24489455822527678     
  -4.9775997957661716E-002 -0.16730734061254970       -6.0565061051507878E-002  0.18476342391203338     
 -0.17356342234181910      -0.11563680616550989       -3.1658621916639644E-002  0.21094644073040225     
  -8.6025243916278832E-002  -4.3851043653198835E-002  0.15636076878448052       0.18377145217689225     
 -0.13345175219152644       0.12201907064499415      -0.11525758543477256       0.21443491964768832     
  -5.7376911484034405E-002 -0.13181217856618541       -1.1866371970611531E-002  0.14424760370125939     
 -0.14368981535225672        1.8516879222589263E-002  0.13709649604015600       0.19946199407054491     
  0.11252841007759071       0.11590903933825183       0.12220099876630633       0.20256019494063890     
   4.1043061082858941E-002  -9.0274561662531255E-002 -0.17894209318478793       0.20458323992880448     
 -0.14844322506587462        4.2184351138514216E-002  0.10065932693477478       0.18424768831086388     
   2.9200773075144505E-002 -0.10908274845567444       0.14651605046760224       0.18498292949203446     
  0.21240498999743124       -5.2400534916244142E-002  -1.3179570867669049E-002  0.21916979017093868     
   3.0406271286401505E-002  0.17225032212882602        2.7178469329788589E-002  0.17701238375361433     
   4.7210008384392030E-002 -0.17119152198311977        7.2825810996773127E-002  0.19193467857031221     
  -1.9421954983366140E-002 -0.20899380669694845       -1.9423856675228151E-002  0.21079115204675258     
 -0.18893811742451980       -1.5106525216430921E-002  -2.1357185844755947E-002  0.19074052717564702     
  -5.2866944820471093E-002  -4.7702086699597237E-003 -0.17607548743532189       0.18390281678373468     
  0.20075270998559375        1.7633481421186759E-002  -2.4696715079872866E-002  0.20303329276088605     
   7.0732143503134379E-002  -8.3969190984442221E-002  0.12757635734502679       0.16831395697492141     
  -8.0605899012897636E-002  0.13368253860008394       -3.1953322167060719E-002  0.15934034918925075     
   6.3968742534986411E-002  0.15653514440685284        1.4647879646720386E-002  0.16973453341652800     
  0.15741219215974797        5.1785940364640848E-002   7.4759324864359572E-002  0.18179477031576682     
 -0.12076879868040835       -7.2564147136001428E-002   6.7035540300297049E-003  0.14105174873399406     
  0.16683349569996575       -6.1989411262400845E-002  -7.0815741062875803E-002  0.19154887516875121     
  -7.7782345400314971E-003 -0.12734704491274237       0.12618165064637410       0.17944241343788087     
  0.20201525033981402        3.8901196292773298E-002   2.2907160703479392E-002  0.20699807355229574     
   3.0853044298023120E-002  0.19063315031632497        6.7618526010040661E-002  0.20460980768710202     
 -0.15985607397070256        9.9569918788849479E-002   8.3252496802385945E-002  0.20591044494336874     
 -0.15346681019115713        5.8200779731007783E-002  -8.0515048087127748E-003  0.16432960573563932     
   1.0752948773439994E-002  0.24688393759149846        4.8014919276014034E-002  0.25173942285841777     
   1.1448106439221305E-002 -0.12442622967986780      -0.13199681811974862       0.18175837193133348     
   5.9284770339730411E-002 -0.21887901737010088        3.4993188066508793E-002  0.22944984517360989     
  0.19105252101486167       -6.2875256029103321E-002   4.1063832411440238E-002  0.20528176231505393     
   9.9447072889761540E-002  -4.2453760434885440E-002 -0.14775474246916176       0.18309425442523450     
  -6.9781768547668682E-002 -0.17201331817199023       -3.3163330940286992E-002  0.18856798076352660     
  0.21486586411789879       -4.2890840679281429E-002   9.5096088900025688E-002  0.23885189951387961     
  -2.2053485417187286E-002  0.13977379626508316        1.8095688772528703E-002  0.14265526381298127     
   2.5695564774663480E-002  -7.6133789117325615E-002 -0.17461591728604425       0.19221689432538697     
  -5.7416139272930801E-002  0.21526883397551710        1.5711421216369242E-002  0.22334756028850083     
 -0.13654369564025781        1.7638773188329928E-002   6.1557018784523923E-002  0.15081304220897787     
  0.15564084704433584       -9.6597866050681783E-002  0.17501790729933073       0.25335052569446331     
  -7.1392635104982213E-002   4.0793613806833259E-002 -0.12732497526106040       0.15156739952867121     
  0.10475910211465222       0.13279178606934516        3.0458203297615109E-002  0.17185991409131368     
  -1.2149972542774785E-002  -2.6159510208583189E-002 -0.15070930591231635       0.15344457206338483     
 -0.12366505499191015       0.15210963578806141        6.0475268647560178E-002  0.20515273637883416     
  -2.1481724509909254E-003  -6.3647142690780700E-002  0.12940487171584780       0.14422619124616315     
 -0.14203696356718679       -4.7240632478956719E-002   8.4193360057249769E-002  0.17174020570072665     
   6.5648120258268355E-002  0.17644962680377829        4.0665336192273950E-002  0.19260793353407685     
 -0.13007492579882995      -0.14739244841110644       -1.6040292107733441E-002  0.19723415307976763     
 -0.13243274102598054       -5.8708874548951684E-002  0.12493992643619770       0.19129858353981993     
  -9.6214082505276868E-002  0.19007912396008156       0.13790470537816060       0.25378126566632447     
  0.14151098265817724       -3.4426434001777140E-002  -7.6979375606616315E-002  0.16473118053284924     
  -4.3779013472153988E-003  -3.6075586573534144E-002 -0.15416978901157163       0.15839487937020888     
   3.6674619731588828E-003   4.4445953345761083E-002  0.15966291247428507       0.16577436070125365     
  -9.3330269378902861E-002  0.12566592802136084       -7.7896918202255333E-002  0.17484391471600400     
   8.3534799914760913E-002 -0.13870201692236797        6.0824038096437751E-002  0.17296206493184829     
  0.14022744183324073       -8.4078328688704365E-002   3.5593379997676151E-002  0.16733137631012210     
  -5.7618221848819234E-002  -5.9137733811662839E-002 -0.11995208983448578       0.14562154684338233     
 -0.11314838615582196        2.9851749565123219E-002 -0.11478094929769758       0.16391568126157563     
  0.20261399761491802       -9.0719601062964200E-004  -1.4409178213307946E-002  0.20312774170674616     
  -7.0642212768809054E-002 -0.15677217274919350       -8.4594532848108139E-002  0.19163525604952317     
  -4.7955506729967803E-002  -3.0410619045713669E-002  0.19812446815362703       0.20610153142960649     
 -0.11319301289840172        8.6761660977493396E-002   2.3400050537910680E-002  0.14452614417387608     
  -6.9436470022321714E-002  -7.4872683595891248E-002  -5.9397107183044737E-002  0.11813280010109525     
   4.6001149365518010E-002  -5.4606796667232602E-002 -0.19071232096896504       0.20363987172107215     
  0.13130216455674917      -0.10181611575386430       -5.5487243126164737E-002  0.17517309723309127     
  -4.0158304083993082E-002  0.20697663259348151        3.3147839312587496E-002  0.21342632236379047     
  -4.2282468402130374E-002  0.17662021978718184        4.5996338602628264E-002  0.18734506221594741     
   2.2562784551895046E-002  0.16274605116911645       0.12898111620925978       0.20888150889071652     
 -0.16995359967366983       -9.9460525158931168E-002   1.3376778282850936E-002  0.19737162993742782     
 -0.15927701423627513      -0.11360253646779377        3.3457988546245356E-002  0.19847957213149089     
  0.10257460390234718       -6.9923644907447888E-002  -8.9285539154470572E-002  0.15291426678034584     
  -9.7276127890841946E-002 -0.17201067944291379       -3.0997995674872710E-003  0.19763584608366691     
 -0.10437235528696327       0.14141550891507543        4.0877480320061180E-002  0.18045194126740466     
 -0.13341752271602864      -0.11373215952108869        8.0634255666640009E-002  0.19296922724601828     
  -6.7404045129950921E-002 -0.13090816580070580        6.2312515956578794E-002  0.15988465472966576     
  0.14993514664202687        6.3156449768025855E-003   5.6588335772250573E-002  0.16038290219194840     
  0.16468237923325935        7.4906929221392818E-002  -1.3998190102844447E-002  0.18145876501690730     
   5.5331506321264816E-002  0.15734124389050058        2.2185587715815705E-002  0.16825588525542370     
  0.19146436405265929       0.10379813690620396       -7.2569476779173678E-002  0.22956259470412713     
   2.0802926754553700E-002   5.8130696282504016E-002 -0.17354719079765746       0.18420251639324195     
 -0.10613304635169028       -7.0506514389733280E-002  0.10180968518410743       0.16309691626933590     
 -0.16966876559612817      -0.12509326478924218        2.6284854471844206E-002  0.21243047919060809     
 -0.17064579430985391       -8.9500930804997325E-002  0.10733137169525639       0.22056841813955863     
  -5.2886960283516520E-002  -1.9350615956012587E-002 -0.13489688003195516       0.14618018042218667     
  -1.2027246064743931E-002  0.18053661746182356        8.0793761615421636E-002  0.19815589016839316     
  0.14120938244863004       -2.5851153611478085E-002  0.17882668141268160       0.22931932718294903     
  0.20211664816541680        4.2593267635396309E-002  -1.9728537782021684E-002  0.20749588216757470     
  0.15016173996377855       0.15521515663988117        3.0090842293185378E-002  0.21804988371839515     
 -0.21268904493689086        2.3496434065278481E-003  -8.8069311238660436E-002  0.23021371427948567     
   9.9510182302523162E-002   8.5440553330355468E-002   2.6458886768286598E-002  0.13379998962741263     
  -9.3381475317350887E-002  0.10633146981744454       -6.8495238850585602E-002  0.15721984337602524     
 -0.11081509528208114      -0.17060949136839570        8.4886012324741092E-002  0.22043869663866986     
   1.3532929314250670E-002  0.12338259855067210      -0.15010499337167588       0.19477657671304235     
   8.4578478128309389E-002   4.7263449504414898E-002   9.4463745187155557E-002  0.13531722645820501     
   8.8803600017545489E-002   1.1628174735062738E-002  0.18844287906901927       0.20864326611603445     
 -0.10550804383837238       0.13544384642482560        3.1952139602624177E-002  0.17463654277996124     
   1.0890768035222580E-002  0.11217921078207520       -8.6419360664009487E-002  0.14202496279760976     
  -2.2442075808709855E-002   1.0495923285483561E-002  0.13906447933229810       0.14125417014793509     
  -1.2843517401453369E-002 -0.12046589300120483       -9.2073643386726023E-002  0.15216616944092784     
  -3.6208061336353327E-002  0.12948637027246288       0.21328871343473904       0.25213055957325109     
  0.19506530970683267       -3.7536600493721206E-002   3.9230858060994050E-002  0.20248094145338627     
  0.16041092336321927       -1.8588454441260761E-002   6.9041730048024844E-002  0.17562447284128646     
  -4.9761076851344427E-002  -1.8545374382472481E-002 -0.20975582271333479       0.21637375266547329     
  -2.2067609999182343E-002 -0.15692016968903935       0.21244239593438560       0.26503337649559378     
  0.10729702255824794        7.7194087584948945E-002   5.9240522401827186E-002  0.14484825750549893     
  0.16040726649315248        9.6250971547923378E-002   3.9856780693752321E-002  0.19126762307038342     
   8.9694943729062462E-002  -7.9681892162224821E-002  0.12664333699006100       0.17445034156770878     
  0.13693290794361859       0.18540284978627902       -1.1927569573016618E-002  0.23079667437527826     
 -0.10451745391425600       0.21461355304206328        9.3094796839809382E-002  0.25622161602937116     
 -0.12648008069653210       0.11969595626883314        4.1815240166810638E-002  0.17908893620299313     
 -0.19246033859038891        2.5183361155187795E-002   2.9385340550097110E-002  0.19631271443450865     
 -0.15047688720609745       -9.4520280757592945E-002   1.6778022530114012E-002  0.17849055744703074     
   4.3717727952793314E-002  0.14791837311342579        5.8846714315930165E-002  0.16508791787304664     
   8.6313514383222240E-002  -4.0300634974448628E-002 -0.18257639146325716       0.20593276248395004     
  -1.7360678348846262E-002  -9.5896885354485137E-002  0.15839269815623711       0.18597272004957127     
 -0.19081585467242465       -2.4044627712699169E-002  -8.2535603976736770E-003  0.19250183317425376     
   8.1670371010700585E-002 -0.16241403754530401       -9.3785028419881317E-002  0.20455806180278216     
  0.17868908231517078       -1.4720332373483816E-002  -2.1024696455603582E-002  0.18052289102735417     
   5.2999249165831472E-002   6.0419527739123645E-003 -0.18938749847890601       0.19675632184395425     
   9.3557399040703898E-002  0.13721635126026646        1.5254331536659907E-002  0.16677532371149117     
   5.2141670803407335E-002  0.17042424107735263       -7.8123867994652124E-002  0.19459320268552122     
 -0.19195530046042664        5.4848674356927599E-002   2.0205796350592591E-002  0.20065764042200479     
   5.7505815169612104E-002   4.1889482648989590E-002  0.15628435921778608       0.17171618581553569     
  -9.7694959392725499E-003 -0.14621554837807374        2.0372282000177884E-002  0.14795086857569664     
  -5.5804476778901234E-002 -0.20168091674660502        4.2498853061123540E-002  0.21353099147390509     
 -0.12098403072907953        7.4872949194809912E-002  0.10849985978543655       0.17892823641349298     
  -5.6708692140022846E-002   8.5996137066327652E-002  0.11541412531187369       0.15469851866151590     
  -9.5008881773307352E-002  0.10906604561928193       -6.2617093427771386E-002  0.15761659275654905     
   3.0373680632576130E-002 -0.21278529042928154       -2.0952576923317826E-002  0.21596099364924903     
 -0.11783288731215981       -9.9773292161145860E-002  -4.5744009867435417E-002  0.16103357910617758     
   6.4487193996039804E-002  -5.7076989610925092E-003 -0.19599608310047217       0.20641133836986891     
 -0.11846689061245062       -4.8861114536326716E-002   7.9624817228658037E-002  0.15087055446246486     
  0.17087328053861553        7.9061911664551662E-002  -3.5962273282184425E-003  0.18831196650525955     
 -0.18996830447533106        6.4599579848563127E-002  -5.0180936495573474E-002  0.20683130519680948     
  0.14730835650432547      -0.12198569623184484        8.6810811040988395E-002  0.21003899374822657     
   1.0941434216344813E-002  -6.7167944959744638E-002 -0.11866381552909909       0.13679308801525736     
  0.12760880330260740        9.3815637892329551E-002  0.15099812964509046       0.21882827913636710     
  0.19537668522703486       0.15933196056489649       -2.0341578727766318E-002  0.25292786049167360     
 -0.12917518744398479      -0.15140929101345005       -9.9976993299429773E-002  0.22272494616808966     
   3.3963672544092592E-003  0.16225578573232408        6.0338151122320036E-002  0.17314493291748567     
   5.3939706080070891E-002  0.12542729750854226        2.1006179629838109E-002  0.13814035773423286     
   7.6965644948462794E-002 -0.15147357747981749        7.2707790740463046E-002  0.18480903119497724     
  0.12265312311926342        7.4465277571956492E-002   3.7959118619193974E-002  0.14842425967854364     
   2.1759904612912257E-003 -0.27021919500455427        9.6856239422286244E-002  0.28706145578677783     
  0.10880023241339055       -6.3680525585949430E-002  0.17000057872020119       0.21164332419737195     
   7.0435389685394381E-002   9.9689033241137093E-002 -0.21357692289699257       0.24599623871684259     
  -7.4179888919655240E-002   1.3940931377478802E-002 -0.17834737840855741       0.19366154205987604     
  -7.2739382347002529E-003  0.13159578852522791       -8.8170285819169483E-002  0.15856973556278886     
  0.17919778213089202       -2.0490497654537428E-002   1.8274566024208128E-002  0.18128890031696479     
  -9.9904112745611673E-002   3.6848296840487446E-002  0.15660037240155378       0.18937345473914208     
  -3.7509029840233445E-002  0.11324726419839318      -0.11764282025443736       0.16754612297929797     
  -6.8105403013256308E-002 -0.18262210154147501        1.6143720628986991E-002  0.19557555472698945     
  0.12994754310524326       0.10414902576592162        1.5813963210878784E-002  0.16728259012675134     
  -6.5419522607493341E-002  0.18769108035788185       -8.3251064075554007E-002  0.21549569660161011     
 -0.16218453253920725        3.0256083011860425E-002   7.7270281261670681E-002  0.18218108990902282     
  0.10926822082078093        3.6656584958076763E-002 -0.17425138249577843       0.20891815048917536     
 -0.12949456404969570        6.7829754138058945E-002  -2.2341236176985801E-002  0.14788119724551232     
   4.6847663037924793E-002  0.16768479855091031       0.12872049230641103       0.21652219363561587     
 -0.10292341175467505        4.9208604300968663E-002   5.6703950268095632E-003  0.11422289089421507     
   1.3779633110711783E-002   5.9714047966466149E-002 -0.15286319692863012       0.16469002030617519     
  -9.6376894416250330E-003   6.7092544500762075E-002  0.15646468985458414       0.17051537689208898     
  0.12511002744342575      -0.10928036927359602        1.7883009368236096E-002  0.16707639001227156     
  0.13539312697021011       0.13865379532844788        3.5907882264318215E-002  0.19709274415478287     
  -4.7440191312625640E-002 -0.14664182685551072       0.16714717451206135       0.22736001205723402     
  -9.3168678313192754E-002  -5.3719146599938344E-002  0.18318540569194464       0.21242184960256608     
 -0.18613000833552004        1.2919614139172862E-002  -7.4161624314967950E-002  0.20077659961639036     
   3.8624358604551476E-002  -2.5177909862727652E-002  0.19358324276077923       0.19899809069548233     
   1.1516576425311873E-002  -5.3621777424877351E-002  -7.0252898106540604E-002   8.9125732755086562E-002
   7.5869170730647861E-002   2.0206436556882108E-002  0.11579125636701321       0.13990012936639790     
  -3.1310755722549280E-002  0.14552702414142621       0.13958756251630355       0.20406657195292752     
 -0.11419214254330184      -0.18562635768774668       -9.9787545711725253E-003  0.21816637144583198     
  0.12960215550085308        4.9479990264212459E-002  -4.0287525177575223E-002  0.14445785832535252     
  0.14228821407865588       -7.4928624406926547E-002  -3.1242349983189779E-002  0.16381794484634396     
  0.10707822760780177       -1.3942826258254638E-002  0.10500944890895275       0.15062248700595152     
 -0.14128839937074428       0.11749446264938593        4.8175036038791905E-002  0.18996893074224999     
 -0.13255374501893336        8.6304544888166787E-002  0.10035485067545395       0.18732342576674882     
   5.5391303214029075E-002 -0.14874943074181440       -5.4435101572518858E-002  0.16780277083818607     
  0.10746106008507943       0.14569663766617158        5.9009616529619530E-002  0.19041408693899065     
 -0.10663582611875655       -7.9311287534990005E-002  0.14780042928619974       0.19876228676404503     
   3.9166038650551425E-002  -4.0479063153152674E-002  0.19186581518886067       0.19996255693359058     
   5.7303334610251361E-002  -5.9604379739563021E-002 -0.18471448346099448       0.20237538052306281     
 -0.11555320683144583       -2.4488180835791136E-002 -0.14123042238764863       0.18411476534344265     
 -0.10078523103146378       0.11632252956273226       -5.9581527313893989E-002  0.16504106178461936     
  0.17721135609522651       -4.6650499674028345E-002   8.7527637700109046E-002  0.20307934707967534     
   2.4345104306842964E-002 -0.14416527490914188        5.7558724021857424E-002  0.15712834659718108     
  -9.2350276410406398E-002  0.13697515004194707       -8.9498980295679847E-002  0.18788515842412587     
   1.3223965508127086E-002  -7.0223990151015610E-003  0.20028640894605268       0.20084529608679633     
 -0.20509185914348665        8.7529744649531671E-002   5.3961457925656387E-003  0.22305435497823983     
   6.7297707892689504E-002   9.1243357829638758E-002   8.1512726787461826E-002  0.13963758972413073     
   2.7273459724486065E-002  0.15608729165666868      -0.19990973847023688       0.25509015613562125     
  0.19388425502045425        1.4189924450872918E-002  0.12574121739102265       0.23152389088760242     
  0.12254261203125219       0.10621149850947552       -2.9779143828369280E-002  0.16487683762803379     
  -2.2836483570988463E-003  0.10403260026181922      -0.19758633814156309       0.22331224325425256     
  -1.7558603729232274E-002 -0.15001305564901374       0.10889365978604831       0.18619895427116109     
  -6.7713775244724855E-002  -5.3413068169090291E-002  0.14326402498794638       0.16722048936920358     
  -6.8356216543977222E-002   4.0367933349075250E-002  0.19523062328188917       0.21075373935026021     
  0.14590292320961298      -0.10175888732641211        8.1681984759656864E-002  0.19574085108963962     
  -2.2262128117698721E-002 -0.13346335846860966      -0.15058148145718109       0.20244222128767705     
   9.6016915252617976E-002 -0.10532914218737037      -0.15212699105307029       0.20846126166608661     
 -0.11500159139939774      -0.13126197521076702        9.1494244898091978E-002  0.19704382510014892     
 -0.15273514527806273      -0.14393294536189458        5.1928382681288354E-002  0.21619730408022064     
  -4.2870937862478913E-002   2.7524462814709823E-003  0.17885458391978462       0.18394144574527022     
  0.18539419512050412       -5.6112554042950839E-002  -2.0016412743779129E-002  0.19473130997539137     
  0.12914859395818309        3.9219846210065898E-003  0.17995489912047946       0.22153669448243782     
   1.2839205046602180E-002 -0.21112842039324939        2.8739392728625662E-002  0.21346195862117334     
 -0.10020050610362587      -0.20189348970773158       -2.2931381605472784E-002  0.22655456488917741     
 -0.19174042422136306        9.6235147750499128E-003  -6.7145477864778459E-003  0.19209916051141601     
 -0.13611431570879601       0.10027396867206392       -5.6640341861594001E-002  0.17829779600521731     
 -0.15717817795697625       -3.3246892960602542E-002  0.10792680215346120       0.19354206297464388     
   5.9016368591999682E-003  0.13824340751958700       0.15845310396286275       0.21036505222044430     
  -5.1725870527926637E-003  -9.7342264975445059E-003  0.20732493718775508       0.20761777477429721     
  -4.8220184140296024E-002  -8.8148484633002427E-002  0.13473648218891485       0.16807516513233742     
  -1.8033198168636119E-002  0.12313226695753055       0.15346230083438911       0.19757891886452464     
  -5.8657824237919889E-002  0.22639564830001602        5.3172637363272816E-002  0.23983965326375323     
 -0.11815192128628886       -7.8126081480257042E-002   5.0877830202976870E-002  0.15050619494646758     
  -8.3055455577923737E-002  -2.8563766856830961E-002 -0.16652072358334313       0.18826377469133040     
 -0.22796497136931732        1.6592947859817374E-002  -5.1196291857005839E-003  0.22862538068440993     
  -7.7122509428079994E-002  0.10007591042590580      -0.14933325268850497       0.19561055612258529     
   4.4636254612533142E-002   5.6306590378343055E-002   7.2995757863059188E-002  0.10242659816606119     
  0.20644904334947167        8.0412390052642252E-002  -8.7419184770906114E-002  0.23817949920154785     
   2.9156047433846147E-002 -0.14346837268340637        2.8316985081821559E-002  0.14911438799295518     
  0.11572717251435155       -7.1777082445409146E-002 -0.14831795949375293       0.20135278774065204     
   3.4448188930994696E-002  0.10251410530293835      -0.15600820053078535       0.18982723234441673     
  -4.4651736057177469E-002   5.1152052831744677E-002 -0.16413982761049645       0.17762936989649245     
   7.7863092175011542E-003  0.18188267405753455        7.6398447893762308E-002  0.19743013086691155     
   7.7116155958302471E-002  -8.8753694439408906E-002 -0.16008180866417437       0.19862100908922634     
 -0.14328340721887714       -6.4266609629997806E-002   6.2845119443911898E-002  0.16914443808622456     
  -2.8435193518713837E-002  0.20774227950678845       0.12934407682330290       0.24636417177502862     
  -7.9017815538206471E-002 -0.19683747217503761       -7.2476199896117297E-003  0.21222943627169757     
   2.3059562324132719E-002 -0.11840917951385241       -7.6608663921943682E-002  0.14290334004364488     
  -8.7546095733568599E-002  -5.4995524229529094E-002 -0.19664309414681844       0.22216510310826582     
  -2.1732442938535886E-002  0.15986573023506012        9.8612511606120903E-002  0.18908669499711783     
  0.11051199061294442       -9.7740204614050266E-003 -0.20190687686276454       0.23037972668985229     
  0.14831108972974388      -0.11997391029837347       -4.9064534918101498E-003  0.19082450517418773     
  -7.5291231556650642E-002 -0.11655463631091093        8.3775207869780891E-002  0.16208651470283053     
 -0.21581063740035342       -2.5231275154035351E-002  -3.1003116501132574E-002  0.21948130146741032     
  -5.1124977434285186E-002 -0.12028856803049234      -0.11439269183410530       0.17369165455350793     
 -0.14289606094019325       0.18420420753187355      -0.11988526557188975       0.26215062694167163     
  -8.0765082761695944E-002   5.9565326000757136E-003  0.16665472000669351       0.18528970444854395     
  0.10631162964391262       -3.1161308193500672E-002 -0.20280582037606756       0.23109173612287515     
  -6.3897312667326065E-003  0.11591082195202071      -0.15255004196921021       0.19169679865887668     
 -0.20547908227210648       -8.1349641375339544E-003  -3.9271417408929227E-002  0.20935633527126046     
  0.12404650168717210        9.7151265413534221E-002 -0.10360650923896575       0.18857415440340825     
  -3.3123330763429472E-002  0.10036599166767947      -0.22938293597930820       0.25256092065635899     
 -0.10257295379273239       -8.7591390220755155E-002 -0.10022302505775120       0.16804201034948743     
  -5.0638160570868951E-002  -2.0613942682351491E-002  0.15388291970784349       0.16330679997086156     
 -0.17005525920343328       0.14125944458669995        2.8460994403626455E-002  0.22289694944106589     
 -0.11161123749644626        2.5427512543185208E-002 -0.12426976299048136       0.16895739321891889     
 -0.10259026524562917        4.4699509695269167E-002  0.12640792723513061       0.16882468053589822     
 -0.11769187454362748       -7.4457460975745404E-002  0.17699501995458755       0.22521662442473570     
   1.5410168584026341E-002  0.11433112283998847       0.14471998366231767       0.18507553219391845     
 -0.11982862950767301        7.6668135398109113E-002  -1.9649124277136637E-002  0.14360707336328637     
   7.6654781430355978E-002   3.0575741151927453E-002 -0.22983624736088648       0.24420387397430843     
  -2.1085158136244283E-002  0.11462399921152211      -0.11471647923933279       0.16353322505821782     
   7.4933776164884058E-002 -0.20216898346382647        2.0908000402698003E-002  0.21662066652553055     
   8.0253062547679666E-002   2.9749729376161674E-002 -0.21008296818879071       0.22684896730919693     
 -0.10817895314118799        8.1588041547408882E-002 -0.11663844344374158       0.17878428598521731     
   8.3994050546985333E-002   9.8687828889472778E-002  0.12665777277176385       0.18120838695190447     
  -8.2868345276995242E-002  0.13365881314371938      -0.11146271345749480       0.19275833956340926     
 -0.11043671443423445       -8.8981337349566120E-002  0.10694872862292608       0.17762876131304364     
  -9.7421346272472079E-002  0.11827506217654961        2.5563689841716569E-002  0.15534932018110367     
 -0.17349823684276708       -4.9309205172215272E-002  -5.5328498060630546E-002  0.18866446035199561     
  0.16200867151211254        4.9999193116430016E-004 -0.18114402621567033       0.24302308094227237     
 -0.10358359733738068       -9.7166508127905934E-002   4.3114580775282914E-002  0.14842425345795551     
  -6.5390044307429736E-003 -0.17848064078321058        2.0579785858640200E-002  0.17978216068152650     
  0.12050151994307193       0.13845397655207134      -0.14655011326714668       0.23487668175084050     
  -9.9815951950379109E-002   5.6070442151016489E-002 -0.12512885379589886       0.16960055660004866     
  -2.3969285672625025E-002  0.13553482560694807        1.5169702041872438E-002  0.13847142473449503     
  -5.2592286670298756E-002  0.11837252755617915      -0.16525284986496899       0.20996787441354750     
  -4.3470715474303701E-002  -8.4405224901803078E-002  0.18483290915221082       0.20779111963758518     
  -5.6476787923789906E-002 -0.14697020834895083      -0.17156811975454267       0.23286367134534286     
   3.4048638475755497E-002 -0.13189854753386138       -9.6040789634339707E-002  0.16667444284347399     
 -0.15627149989253547        4.1897602943074151E-003  0.11580976243574408       0.19455137328070946     
 -0.11111480702560513       0.11500705465381121      -0.11758258616223520       0.19849127821917426     
  -7.1052134574788595E-002  0.11525102447582215       0.10702785515635602       0.17258669198327647     
   3.3325009432441120E-002 -0.17632378406259439       -7.6240396016481818E-003  0.17960723554376143     
 -0.17822449310118282      -0.11656354345043483       -8.2706337513784006E-002  0.22845430148683768     
 -0.11437810370425550        9.4643400338953396E-002  0.16697539628686026       0.22342897484403149     
  -2.9380551768648403E-002 -0.12213797367175595       -3.4664670814277557E-002  0.13031707807319426     
  0.11602841667491529       -4.2345113331093240E-002   7.4666489659316160E-002  0.14432874549844760     
  0.19071734265753346        3.2352199733863177E-002   6.7345285880939951E-002  0.20482958074544880     
   9.2472341573959962E-002 -0.12774025602152944        6.1159377888255782E-002  0.16914247387423267     
  0.19589097908575270       -5.1613062455176925E-002  0.13203412005994727       0.24180610571939942     
  0.10988979677962238       0.13646509888024966        7.7395837777100865E-002  0.19154270112401134     
 -0.17946380248434399        6.1890659545451240E-003  0.10286880967472907       0.20694818903151815     
   5.9683275584084941E-002  0.11216618319917163      -0.12205909565006505       0.17618674430509149     
 -0.21288440631634442        5.6427519820747729E-002   1.5238326187210749E-002  0.22076241081934928     
   8.1159717707662060E-002   4.1105406230216870E-002  0.14529329917559719       0.17142548522628756     
   7.8309739290773964E-003  0.10362882559988291       0.20892122508220309       0.23334167209852893     
   5.2070032883884433E-002 -0.17038235711424360       0.12610421276212916       0.21827438790818032     
  0.18099837377368089        3.3262970594597839E-002  -4.3370099830214778E-003  0.18408054263579027     
  0.10474910553325077      -0.15475391130922511       -5.6638650414118405E-002  0.19526670196490833     
   8.2381238047689320E-002  -6.2571857132294378E-002 -0.13106499933604346       0.16697287126420085     
   3.5505790299967650E-002  0.17752509129899866        3.1407135845020154E-002  0.18374500637440636     
  -7.8564964105427695E-002   2.8425307573281360E-002  0.15909185981501980       0.17969605325361129     
   7.2983257093296422E-002   3.4400848345956817E-002  0.20524601148979515       0.22053548334754849     
   1.2181384260913515E-002 -0.19049602120360640       0.15250382626943129       0.24432465541515405     
 -0.15344934395838961       -1.8374477652272903E-002   2.3307306633985753E-003  0.15456310975028725     
 -0.18038987501026546       0.13097100088924182       -4.0621469760057594E-002  0.22659217525240419     
  0.17992063686575582        6.6586499950438499E-002  -1.1452611837843268E-002  0.19218834476558985     
   6.3516431858000072E-002   5.4959693539264852E-003  0.14979770018250621       0.16280016515679363     
  -5.8712791527179536E-002 -0.13421484336065265       0.16542169656925707       0.22096414587685922     
  -8.5796861566784302E-002  0.14396433443274587       0.16795703771925244       0.23726861900133323     
   5.3617104144732031E-002 -0.23815826876600565       -5.0869144939908184E-002  0.24936283753880692     
 -0.10219146689364592        9.4478466449871318E-002  -1.4573919389253901E-002  0.13993454060723914     
 -0.16162258341631375       -6.1195293066082540E-002   7.4722148400720834E-002  0.18828203001143357     
  0.22527658345599605        2.2914812151273382E-002   2.7199642619661693E-003  0.22645535073192877     
  -2.0813744694852771E-002 -0.13821113614355973      -0.14606141018233931       0.20216197878624381     
   1.0473289666290055E-002   5.0031766505250666E-002  0.14205720404144098       0.15097389402191869     
   3.3373851126605028E-002 -0.12523134780668901       -5.3749593675065765E-002  0.14030582038082162     
  0.13959575974281166        8.7585553550969281E-002   7.6562000806788544E-003  0.16497521852895936     
  0.15861462024964948       -1.8680035293700298E-002  0.18466635333418499       0.24414996114941417     
 -0.16774425530637974      -0.10445779464119558      -0.10365683612854602       0.22314637735301540     
 -0.12718690314789519        8.2176979994454197E-002   5.3086151739044060E-002  0.16046091075343494     
 -0.14354666906119490        9.7923501589757850E-002  -6.6665973534799999E-002  0.18611558341392634     
  -9.0650539761034279E-002  -1.9588169937779669E-002 -0.10694629207201431       0.14155820763357660     
  0.14321599651053862       -8.3473170430759386E-002  0.15375486862475443       0.22609544768545145     
  -1.4796022634107505E-002  0.24728112383529072       -7.5214493489846476E-002  0.25889012441954512     
  -7.5465018009811508E-002 -0.10386934615896684      -0.18341678355163946       0.22388730759724057     
  -5.4607505626587775E-002  -1.5140437637782434E-002 -0.10034897314845249       0.11524378045938198     
 -0.11930201923631498        5.1514209413246866E-002  0.15475625114346039       0.20207964477728010     
  -3.6783659961514191E-002   4.3774758118763579E-002  0.21603578005963153       0.22347421630804312     
  0.19563514110939734       -3.0483875050286033E-002   2.2897473563666740E-002  0.19931550208293905     
  0.13888252308355642        6.2875657219547521E-002   6.6466579811862436E-002  0.16631148403141408     
  -3.0063229336800161E-002  0.13627445902014712      -0.14644172124826529       0.20228619246390850     
 -0.11875804033045038       0.15562457214464806        6.1821534886900842E-003  0.19585887424390902     
 -0.10254848800959701      -0.12434491780368720        4.1935359295674726E-002  0.16654256313602694     
 -0.19773480852096637      -0.14233404712935716       -1.0675722894870248E-002  0.24386883058803013     
  -9.4252398051905592E-002   9.6049848169281582E-002 -0.13408549800037428       0.18996844118401687     
  -2.6552187207544115E-002  0.10885439035282188        9.9325309492175967E-002  0.14973247493548461     
 -0.15371375995489944      -0.11642950384515942       -8.2438930138253902E-002  0.20971391600807598     
  0.12848429814596982        1.6947386190137689E-002  -9.9706045329674128E-002  0.16351368213095552     
  0.18587325161019752      -0.10332744789485553       -9.6305491576916154E-003  0.21288065818596719     
  0.20573266443514757       0.11834631442419422       -4.6650835662638182E-002  0.24188443484730004     
   2.5530542433373188E-002   9.4543695118430415E-002 -0.17628317983699962       0.20165832087229363     
  -3.4355520988303551E-002  -5.4022178132527861E-002  0.17694711826604162       0.18817274036166040     
 -0.16394982565319025      -0.10520719806328149       -2.0518282092151511E-002  0.19588031998149052     
  0.13503125155072068        9.8360907840678524E-002 -0.11279269564065772       0.20157008527180442     
  0.17315375859569634       -4.0108326460807947E-002   7.6291676808720885E-002  0.19342006596418521     
   4.2740683007378211E-002  0.12701457452762729      -0.16796945876504435       0.21487951787965578     
 -0.14091818192432004        5.4518898880253894E-002  -1.9178521536615940E-002  0.15230909368879308     
 -0.15502810271689760       -4.8120207861390700E-002 -0.11440623797166026       0.19859016673403684     
  0.13929193929137873      -0.14099653457887290        6.9708193998930679E-003  0.19832009337913889     
  0.15202440775323850        3.5545170284096997E-002 -0.11928692903899411       0.19647964556870107     
  -8.0084416846559217E-002 -0.15750377749677094        3.2735949852821862E-002  0.17970140834220596     
   8.0661754773496103E-002  -4.3896246924136406E-002  0.19452712166869771       0.21511392386796513     
   1.3255871940631148E-002  -4.2764952559704514E-002  0.19749740692655693       0.20250872833301337     
  0.11619753069710456       -2.0091119866837304E-002 -0.16632299683245647       0.20388442440004462     
  -3.0617443033834780E-002   7.5530800136250548E-002  0.15789888617565209       0.17769183392228208     
  0.17871998902957398       -5.5835028460061838E-002   6.6691456199115623E-002  0.19876150334465051     
  -4.3307676848104742E-002  -2.8233377410570085E-002 -0.19543708934683376       0.20215918076196748     
   9.7603238751834659E-002  0.14556319892734698       -3.6113932815860499E-002  0.17893924455031801     
  -7.5878750212837465E-002  0.15345337703188616      -0.11196338244725035       0.20455151592051729     
  0.10600999200156924       0.15399670347303943       -2.1376898385648112E-002  0.18817564898074973     
  0.15570489061601359       0.10683125332340163       -3.4821438113911748E-003  0.18886252930085620     
  0.14172401962432610       0.11510422994059193      -0.14449656092903210       0.23283886619078550     
  0.14091176062223135        4.3697922182980867E-002   9.7094625722281488E-002  0.17661539861777853     
  0.20576978970267151        8.6998318953997400E-002  -4.4537796212502249E-002  0.22780151260816839     
   3.8847831826528657E-002 -0.16458332050077890       -8.6141477662193419E-002  0.18978192115823500     
  0.15544484208675072       -4.1005505047003343E-002 -0.12543968014153031       0.20391092106492020     
 -0.11346817688376665       -3.1205134649659259E-002   8.8059881691758296E-002  0.14698071423624118     
 -0.19937983574894705        6.2593667792538873E-002   9.1742294163087310E-002  0.22822562233304627     
   9.0907301836280763E-002   8.2354083624880475E-002   5.0174436316775747E-002  0.13252851269275095     
 -0.19722095598234352        6.2899511180720263E-002   1.7597701329124894E-002  0.20775498327942007     
   1.2196115500006802E-003   9.4626682822502903E-002 -0.13226639497052556       0.16263485417591927     
  -4.8959905689170836E-002 -0.11527751730100956      -0.13636065405497302       0.18514914618889575     
  -1.4238454546185098E-002  0.17853482472459797      -0.15008821354785901       0.23367475061138812     
  0.12268186090830346       0.16935467773840684       -7.0453217428166782E-003  0.20924025049273803     
 -0.11328899371928826       0.16682394541205783       -8.2969519234578099E-002  0.21805633671781063     
   2.8114097711335093E-002 -0.21063505792281387        1.7829810389771650E-002  0.21324969461831558     
  0.16545791786256647      -0.16093970308159425        7.2783143848217406E-003  0.23093480567400793     
   3.8097531939995148E-002   2.6643967339386909E-002 -0.16521331109832083       0.17162972090978826     
 -0.15225401673614047        1.5926768257578931E-002   9.7952609504765198E-002  0.18174064286287914     
   6.6869142383708377E-002  0.14882432812859439      -0.11735012846653284       0.20097565896688074     
  -7.2332540537970988E-002 -0.12660679657240656        2.1733222983921191E-002  0.14742323541515698     
 -0.21546511448270261       -6.9160466803591253E-002  -5.0258877843051705E-002  0.23180668784480224     
   2.4723540507246206E-002   3.2657951909447598E-002 -0.13969599299233898       0.14557735310222142     
  0.13535684657898653       0.11445558811075290        8.5304108243046933E-002  0.19671895803080874     
   4.9017831188714479E-002  0.12652169718600248       -1.4357840542239675E-002  0.13644279100893603     
  0.13902354728554225        2.5767588465737408E-002 -0.14897760030162507       0.20539191977004784     
   5.3757602196952109E-002 -0.12013317254542910        1.0842817661813310E-002  0.13205841750771863     
  -9.7564407241233261E-002  -1.2737306670575380E-002 -0.10315121883589028       0.14255253939822754     
   3.0271026952391582E-002 -0.13697273735193807       0.18908793661714712       0.23544025489402970     
  -4.1766156000812918E-002  0.10650078418472160      -0.18862591327295261       0.22060499535844677     
  -7.1410425320845058E-002  0.10824725903469047       0.13636515259608673       0.18818175462988271     
 -0.12674933650480444       0.13561770822426500       -5.5020458380148879E-002  0.19360993757752137     
 -0.15770375239702927       -2.1996114351184155E-002 -0.10502240231312397       0.19074592408298940     
  0.18683278624225727        1.0724080932816901E-002  -8.1833103991124256E-002  0.20425022113995561     
  0.15362908339458570       -1.1563618867344160E-002   3.6028418371427513E-002  0.15822028781517361     
 -0.16931228894255709       -7.8204944062446866E-002   4.2856835370447842E-002  0.19136188962473186     
   6.4424475410600174E-002  0.11414345425266055      -0.14600303732457859       0.19620430191171276     
   1.8892901264219861E-002 -0.17092174502035251       -9.1750397871190381E-002  0.19490849173010316     
  0.14070542517844278      -0.15072871845766550        4.2148997977597330E-002  0.21046068818915342     
   9.5622926722720131E-002   8.5100512514241722E-002 -0.13065878086251739       0.18291407371135948     
  -5.3918270288506889E-002 -0.10585326233791997       0.12496138276275627       0.17241647311224376     
 -0.19605909330587676       -1.6181227399035734E-002   1.4756359051678936E-002  0.19727835745596592     
 -0.12932092648059543       0.15537449676124115        4.5997284915995189E-002  0.20731832164391970     
   7.9483886700221426E-002   7.5889560489469890E-002 -0.17144271315811549       0.20364065785415841     
 -0.13309375812085203        7.2990563709967621E-002  -3.4352058349957137E-002  0.15563301306056362     
  -8.8424499423281941E-002 -0.20184334365429496        2.3291254553667179E-003  0.22037479960555981     
   7.6244961377500125E-003 -0.14928703763161624       -8.5472075929282354E-002  0.17219241652825243     
  0.14101434141756783        4.5753390269556035E-002   4.4405406926404670E-002  0.15475870693078395     
   1.0020057834927484E-002  -4.0259566005120234E-002  0.22827354987004886       0.23201303365158091     
 -0.14695417734641539        2.4680718938163263E-002   5.9366987794469778E-002  0.16040295311076738     
   4.3995016689999306E-002  0.14376408320429970       0.10791019693191781       0.18506291826028090     
  -2.9403745937753856E-002   3.7483690324491462E-002  0.21129661313183817       0.21660070645429585     
  0.13801070455795433      -0.13004743440305810       -3.7946102727835648E-002  0.19338871859452433     
  0.12616305057051913       -4.0329013156043772E-002   5.7875243288504429E-002  0.14454441676212645     
   5.5812847835365893E-002   6.9894566329884653E-002   9.1107221698352933E-002  0.12767478306826757     
  -5.7767344922056679E-002  0.12523362702535376       0.14858514973384568       0.20272659963285189     
  -8.0188017626883767E-002  -2.8768887280811159E-002  0.16433970511605023       0.18510890233572178     
   8.3207901227160458E-002  -2.2747969409267411E-002 -0.14420180909307456       0.16803329040576864     
  0.10429110953749390       0.18682884490720292       -9.7570482600837768E-002  0.23516303258140217     
  -8.4510415004523304E-002 -0.16748542903025038       -7.9972001613778335E-002  0.20393356816325742     
 -0.13682577657081837       -3.9997793833957913E-002   5.2225540408265866E-002  0.15181773189165593     
 -0.19518370536049542        4.5071850976089817E-002   2.0146764110359469E-002  0.20133067995907133     
  0.17741873406725925        1.1510750095637297E-002   8.5859680667932994E-002  0.19743806454225715     
  0.16021735814463070        5.8993717619609969E-002 -0.14675668630148181       0.22513859185759041     
  0.14952061087894172        7.1069331782207604E-002   2.5909336077366518E-002  0.16756657391482149     
   8.3395028410254507E-002  0.18923119747287870      -0.10174598779937427       0.23046783483566027     
   2.9663382900901394E-002 -0.13803588908901063      -0.11619809759566399       0.18285464403883919     
   7.8378427887106333E-002 -0.14612181291081483        7.9023020969984828E-002  0.18368287892348639     
   6.5376788872871613E-002 -0.10802865425906154        5.7196570359586557E-002  0.13862093032890457     
 -0.13161158541885210        3.6074234672646414E-002  0.13432052227133462       0.19148097170978914     
 -0.18694910177390126        3.5776114934018097E-002  -1.6111257712767960E-002  0.19102217064761826     
   4.3873534252886440E-002  -4.1978485575737016E-002  0.19291773046297955       0.20224819155200965     
  0.16025424318385614       -4.7900283064486709E-002  -4.4549527235921926E-002  0.17309107415760239     
   9.7366487448669742E-002   9.5303695867010610E-002  0.15531429498504701       0.20660483428687193     
  -8.3049785124123976E-002 -0.16129778015981414       0.12559065704845829       0.22065188381591117     
  0.15393308297084371        6.6626035845331028E-002  0.21844687843482810       0.27541507108960567     
 -0.16712732951112047        8.1884372552271462E-002   7.0304189754648569E-002  0.19894540415615400     
  0.11199401835063182        6.5731535425601867E-002  0.10456991410872868       0.16672780761599340     
  -2.0304027460289593E-002 -0.15300577632172496        1.0648909289495564E-002  0.15471399544959671     
 -0.15360070427382097        6.7741467509987441E-002  -5.8448118340978232E-002  0.17775900908651995     
   9.7353346403164578E-003   6.5189975338303757E-002  0.11162820555459919       0.12963551172617574     
  0.14335772675396305      -0.11428244912643995      -0.16290674125475316       0.24525603426754736     
 -0.13135789246110749       0.13841539620641866       -3.7658740396158588E-002  0.19450423786393189     
 -0.16784198192336297       -9.3733122603113783E-002   6.0689249475191796E-002  0.20159368584049187     
  -5.4007670955443170E-002  0.19410302058502824        8.0387562408347851E-002  0.21692157871502626     
  0.17050744168357040       0.17263040570710766        2.2700102157541480E-002  0.24369928042987646     
 -0.10391256620099000       0.15885915567335970      -0.12989871669332065       0.23001680233039376     
  -5.9641318218897947E-002  0.13793974300476852       0.13792576354524050       0.20398033186718526     
  -3.8910891097649968E-002   2.4288391944386083E-002  0.21256958061613312       0.21746220368739028     
 -0.11120695869380849        8.2714383217075332E-002  0.10987263119175299       0.17686337082026507     
 -0.10192408985107607       0.14172591194528297       0.12764513986502390       0.21625918694902616     
  -1.8333001365425938E-002 -0.17893747254887138       -9.4002631088357130E-002  0.20295618412055486     
  -5.4890109034059817E-002  0.13118746150836819        6.3614769864438037E-002  0.15578803892367982     
  0.17200271233940828        5.4194408755860124E-002   3.1198995805402436E-002  0.18301733341893056     
 -0.19493445623703415       -7.8026346150319850E-002   8.2999730543053013E-002  0.22577977808523314     
  0.16452110610087531        4.5400286520866334E-002  -8.0545489795022129E-002  0.18872190200173439     
   3.9372295148491498E-002  -1.4673668963530820E-002 -0.14199831698278059       0.14808449011308866     
   8.8491039199762159E-002  -9.5072034090304833E-002  -5.5117029321687418E-002  0.14109302819760330     
 -0.11331328377255645      -0.19540261725270652       -7.3808325947608500E-002  0.23763365100026562     
  -5.9944625444032999E-002   4.2207158959211170E-002  0.17935303669406807       0.19375839119485189     
  0.11410292851115518       -7.3877729520351362E-002  -5.5382849074729089E-002  0.14678098373269680     
   1.2270878019915776E-002  0.15798112630456809       0.14443629201406422       0.21440721342019159     
 -0.13840992586859768       -1.8744581252512459E-002 -0.14302843120883099       0.19991447931388573     
  0.10015124907442850       0.22493205273881159        2.9219576028978549E-002  0.24794855245348174     
   4.7792059093819221E-003 -0.13951887823493198      -0.16048728432253170       0.21270760828489230     
  0.25805538487940016        7.9486777397172276E-002   5.0479098199129532E-002  0.27469777720476796     
  0.11932920548016278       0.13014795951981703        3.2488035823542427E-002  0.17953669017604901     
  -9.5313762845921551E-002  0.11733414802256081        6.7253954130448938E-003  0.15131836181868541     
  0.27312437668819689       -3.9242253124849094E-002   4.1382075072658897E-002  0.27901497398697073     
   5.7037393749425597E-002  -8.2081120902479099E-002 -0.18158325818660831       0.20727531051236869     
   7.2333683583757441E-002  0.16348628978756874      -0.12446289325239182       0.21783236794851293     
  -4.9582104782012540E-002  -4.3657686016312640E-002 -0.19424916390681679       0.20517581812048608     
   6.2678046540940571E-002   5.1671361509377955E-002  0.15863601227033697       0.17822416084093548     
 -0.12085406119382794       -3.3504061340055298E-002  -6.6628155321674112E-002  0.14201245478791227     
  0.14389247782276063       0.15439547465091280       0.14139421060580293       0.25403804943254560     
  -1.9135811951193939E-002 -0.21592290315724091       0.11271299915826034       0.24432171329239791     
   1.1961973930471319E-002  -1.2990036067763538E-002  0.14850934418712208       0.14955552536848701     
   1.9709509434222363E-002  0.12021897876676899       -2.7593787520602375E-002  0.12490990644298275     
 -0.17490978926927017        1.9660958214277779E-002  0.11369896558845009       0.20954102804941954     
 -0.15854260396231007        1.7695897934624453E-002  -9.0066050132983091E-002  0.18319605743961731     
  0.12795810468993904        7.9073521788245615E-002  0.14983534454958514       0.21231233803086066     
  -7.8919777446597963E-002 -0.19411779035434451        5.5749722356936669E-004  0.20954798640747682     
 -0.13071972806995305        9.3509737826102335E-002  -1.9231128448716960E-002  0.16186894290258375     
  -3.3786977534849015E-002 -0.13946797903633762       -9.5155696444525442E-002  0.17218444643249103     
 -0.15600321721848404        8.5025572362264254E-002  0.13113677835204440       0.22082392618238036     
 -0.20472112129846987        1.6622140172651748E-002  0.10752271607483915       0.23183651032944005     
   2.0719284981418947E-002  0.11694538587742839       0.14133381244407736       0.18460974673115046     
   8.9177159508206025E-002  -3.6025709442683511E-002  -8.2773283307892201E-002  0.12689300196767850     
 -0.11493004848529247        7.7770397904055363E-002  -4.1174921687375889E-002  0.14474987050408131     
 -0.16834454480544295       -8.5627102653755435E-002   4.7332425416700255E-002  0.19471066989370678     
 -0.22557579326504429        5.3592670419668614E-004   9.7017329541602901E-002  0.24555465370456786     
  0.10952368597383773        6.3638497040845066E-002  0.15169976429488208       0.19763125912171953     
 -0.10792315655640262        9.8934088532670772E-002 -0.15099521519738718       0.21032098470526758     
 -0.15051268772108514        4.9588983631119493E-002   4.1097808181826151E-002  0.16371367169525736     
  0.11069681690197231      -0.19280877470991306       -4.1504203076950200E-002  0.22616721192608691     
  0.21023974279012422       -3.1976418758446881E-002  -5.3956142038661510E-002  0.21939577495651405     
   6.0755862379558712E-002 -0.12690021698420850       0.10506184738206420       0.17559308545456803     
  -3.3106428269441331E-002   7.6525047472176200E-002  0.13559667350255547       0.15918095472868954     
  0.13764506910430033       0.11570112732076980        4.5847912805688354E-002  0.18556655684864826     
   4.0088308961818350E-003  0.20261832624957704       -3.2040063337330733E-002  0.20517510208598505     
   9.8719533415386099E-002 -0.10607565149231607       0.16988849601963404       0.22329283731701749     
 -0.12843248554248710       -1.4410677718612770E-003  0.19072620943904342       0.22994231230012913     
  0.14197472594212113        5.6082415702158078E-002  -4.4573949226897891E-002  0.15902483173080909     
   3.0352508961866333E-002  0.12858952710656263      -0.14353773464714559       0.19508875556885372     
  -8.5298519115800681E-003  -7.1875275156792998E-002 -0.12107233754887727       0.14105787632049288     
  -3.1563732102776222E-004  0.14557889997170917       -9.3587175320792276E-002  0.17306610045995732     
   3.0706407822842882E-002   4.2403317774704768E-003  0.17003948882264097       0.17284181107021188     
  -7.0427778109049252E-002 -0.15845758213225128       -3.9146113946492839E-004  0.17340424016269138     
  -5.8741487800521158E-002 -0.20363623015238591        1.4873148052690147E-002  0.21246055434525135     
  0.11535645930841693       0.21663348354868386       -2.4426529606590711E-002  0.24664515857246011     
  0.18817045813126904       0.13449993949904815        4.7532070114839731E-002  0.23613058405886633     
 -0.18356523899813251      -0.15311583799683057        4.5128678414174901E-002  0.24326375486151483     
  -7.4190583370329646E-002  -1.7627021144240803E-002  0.13887496739862340       0.15843361734561912     
 -0.10526589438301551       0.10231039305812455      -0.17082753133992876       0.22523403497619637     
   5.2667979436829548E-002 -0.13369425304351387      -0.11371734786191197       0.18324765908346144     
 -0.17825834497407836       -8.5822674049720465E-003  -4.2192591135660783E-002  0.18338458935649149     
  0.10542332588885057      -0.17342321402709243        7.9438271325981455E-002  0.21794524026969195     
 -0.16704158012468590       0.13050674887192848       -6.5449033726042216E-002  0.22185237660963897     
  -8.3562634002939479E-002  -2.2869934510673998E-002 -0.16898321417117398       0.18989753652339092     
  -5.3096848083779125E-002 -0.20926429460900850        9.5248759951226586E-002  0.23597276653648872     
  0.18793729010506816        2.9710721779379532E-002   4.4648050183936583E-002  0.19543950569400129     
  -3.4165603238318271E-002  -6.3272699134857696E-002 -0.19104869508508993       0.20413311047981431     
  -6.4094069359448294E-002 -0.17055056679788930       0.12583028016240119       0.22142449044286733     
  0.13650464225606740       -7.7840027114830207E-002  0.13198763144489448       0.20521530652738296     
  -3.3885101044993649E-003  0.17747471061579942        3.3013426697525002E-002  0.18055093810668196     
 -0.18677776582085742      -0.12519103164231241        7.3289032270772561E-002  0.23649526519548730     
  0.17371278017982222        9.7801870123151530E-002 -0.11405493621918014       0.22967338607977694     
   8.3935403754614085E-002 -0.16854917336966568       -7.8368850294803366E-002  0.20395012268585916     
   3.0862205440267920E-002 -0.12438621334489426       0.15163562127482585       0.19853908288878863     
 -0.11314645057201450      -0.16104710078772669       -3.4665037085311351E-002  0.19984982548229441     
 -0.11979559560136979       -4.2091909494575606E-002   7.8416933297102726E-002  0.14923782696792637     
  -7.0998669843540529E-003 -0.14573996863841385      -0.11642309179408630       0.18666784102468112     
  -7.2826988266258795E-003 -0.19980829185470750        3.9167969400652515E-002  0.20374130907370200     
  0.20521526535914961       -7.5415440200777784E-002 -0.14063840573604219       0.25996144892094847     
 -0.10836062704379032       -9.3904462832691785E-002 -0.17488958160093820       0.22615578565619551     
   1.8047350549163031E-002  0.10740951928639246      -0.15500492842912136       0.18944402743949285     
   8.8958376802410130E-002  0.16026629921504174        2.4180395081236823E-003  0.18331591961002111     
  0.10817899819566003       0.13205062678084203       -1.8654263362272980E-002  0.17172083515234512     
  -8.6173184104409661E-002 -0.18107038905118672       -5.2123051293669627E-002  0.20719342635808483     
  -2.8289926390429876E-002 -0.18245484469293280        5.3696460027426202E-002  0.19228468505467394     
  0.11018848941390354       0.11841167447369408       0.15432168838732113       0.22355762424416545     
   8.0483391548497055E-002   5.1786516188951998E-002 -0.13130235576825416       0.16247993169751906     
  -6.6198100738860080E-002   4.7378848141143300E-002  0.19431421011705913       0.21067737430970224     
  0.10942739360200043        9.9482113972336458E-002  0.10822104214740907       0.18325621253972088     
   3.7400939891558786E-002   2.3906661480209406E-002  0.14310131102468909       0.14982771434179368     
 -0.13569562235692853       -2.9670130625081389E-002  -5.4273263634804170E-002  0.14912815201603119     
   6.4509623234509988E-003  0.18364636583038951        9.3831072988823261E-002  0.20632952492515877     
  -7.8628241300550100E-002 -0.18849513015198202        3.8867502259776289E-002  0.20790261458900389     
  -5.3200501290501107E-002  -4.5114920595288627E-002  0.14237624568207105       0.15854540274760812     
  -6.8393373766036200E-002   5.9601141259326383E-003  0.16762704839271420       0.18114083992393384     
 -0.10303149219462317        2.3289386147219870E-002 -0.17119699000007660       0.20116235551427444     
  0.10572006631828594       0.11960689318793721        1.9523879731352771E-002  0.16082202336800058     
  -5.3954650066506168E-002  0.14484955316121748       -9.8465053341520739E-002  0.18326992127556563     
  0.13218964296593619        3.2438585531422086E-002   3.0745286868283619E-002  0.13954080479685546     
  0.14694644674579660        7.1539600871797976E-002   8.3705211588216685E-002  0.18362389591537240     
  0.10557375455931775        8.2828100766370011E-002   3.0669699227241790E-002  0.13764789275177622     
  0.10880840981485851       0.16127523891171050        4.6362941258088659E-002  0.19999623760103208     
 -0.12111264031324301       -5.5310266378600786E-002  -3.2966692781977440E-002  0.13716522898861080     
  -8.8728936952451570E-002  -6.9440764189069942E-002 -0.13736079545114543       0.17765931473144200     
   6.5640451370613126E-002 -0.13897421113199693       -5.0476492611219961E-002  0.16177260745326827     
  -5.1331960921193132E-002  0.15128465624380494       -7.5763785685862992E-002  0.17681111008156275     
   8.8779719301442482E-003 -0.12525057382851740       0.13390759739807762       0.18356952162843090     
  0.15467848045990298        8.2422932131060805E-002   4.8658942572706379E-002  0.18189740171525262     
 -0.11044220509944638       0.11847228257738725      -0.11432465745088288       0.19825057303217611     
  -3.4598361141560417E-002   8.6302882315045126E-002 -0.13693240625448772       0.16551651872912998     
   2.4705404884430029E-002   3.2712819891588217E-002 -0.20836227194881307       0.21235659157990422     
  -8.2144817574099097E-002   7.4632305833344098E-002   7.9112735291248223E-002  0.13629591708318683     
   2.4230737612196646E-002 -0.18245887745705536       -2.1983393830269031E-002  0.18536893000828530     
  0.14782468011275129       0.13575907332240644        4.8377249031995348E-002  0.20645343364473129     
  0.15741382902951437       -4.4637249273709136E-002   2.5290821591764240E-002  0.16556335116577844     
  -3.8452707716032569E-002   1.9710281717013438E-002 -0.15520117581010121       0.16110403753133132     
  -2.8005159506706338E-002  -5.5150810168736145E-002  0.23262887830628956       0.24071164459432892     
  0.16634894168779074      -0.11356603701939935       -1.2670706083873131E-002  0.20181615881193329     
   5.1597491860467914E-002 -0.24178936485149663        3.3202904300415725E-002  0.24945306367243472     
   9.7635348737196218E-002 -0.16568782241727598        5.1045546317609033E-002  0.19897427878817872     
  0.19358954332527867        4.2580364244538663E-002   8.4776320553499596E-002  0.21558530383743055     
  0.10014648707331888        6.8270240737388688E-002  -6.4836222497926949E-002  0.13745501224498188     
  0.12961505474364365       0.10028781285788577       -6.9600505714469477E-002  0.17805038112771890     
  -7.0643020517698191E-002  0.22139436529076714      -0.16404526975216982       0.28445869974115351     
  0.19035123723044348      -0.16096943585218873        9.8070186378353789E-003  0.24948132276444127     
  -2.8639812292839375E-002 -0.22003083248124752       -8.2980842669362440E-002  0.23689581326118317     
  0.10290420231698391        9.1735659574794251E-002  0.14195886840622499       0.19788134427300921     
  0.17926101241475445        4.2533614882075424E-002  -2.3550147160073295E-002  0.18573698715700263     
 -0.17020580708746294       0.12814344559527444        4.8636531800905311E-002  0.21853208377934849     
  -6.1184589367991510E-002  0.14810501381917093       -8.9999671741309226E-003  0.16049812616863160     
   9.7980725433472332E-002  -1.5949540036682603E-002  0.17839435318704097       0.20415473453455335     
 -0.12768620173136655        5.4530894689824990E-003   2.8518077655342179E-002  0.13094572559078088     
 -0.11128885949213792      -0.14046152693270456       -3.0844638278381201E-004  0.17920587583697906     
   9.9664681787724654E-002 -0.16030192454407194       0.14092631691755050       0.23556311809858443     
  -8.1039692869909780E-002  0.21619094311537981       -8.3989971434698760E-002  0.24568327376353524     
  0.11403171002429414        9.2514286254946940E-002  0.18511486457491924       0.23628295989960355     
 -0.19998834427271250       -1.3698768471663951E-002 -0.11383938376352926       0.23052635293658147     
  -6.7519735496381940E-004 -0.11302222529478066      -0.20306082610250975       0.23239659722010994     
 -0.10506737399355193      -0.12379712125729700        1.3212485547296229E-002  0.16290933086791659     
  -6.6820151451308235E-002  0.15178526776934609        7.6362413754088986E-003  0.16601810845245576     
   5.6984094472268251E-002  -7.7571501751167130E-002 -0.19570884059758442       0.21809739841365930     
   3.4179058169328785E-002  0.16996947454416647       -7.2586017858888977E-002  0.18795361205034972     
  0.10901276389215933       0.16073468042631736       -8.9127835471128819E-002  0.21368947386084944     
   8.9812585526067815E-002 -0.11491680399738438        8.7459693641115985E-002  0.17006284241905509     
  0.15607787418128749       -1.7719274823510704E-002   9.3491287171948170E-002  0.18279741870794727     
  0.20546944532322262        4.5758805724416901E-002  -7.5048544225174971E-002  0.22348119664319802     
  -1.0331083016665923E-002  -5.3717218686499923E-002  0.23882101987177951       0.24500561298122825     
   7.3444438996911332E-002   8.4996132790556803E-002  0.14388561593877283       0.18254177243305444     
  -2.1743877466349405E-002  0.16778374094627771        7.0192434080203994E-002  0.18316975114713407     
  -3.4775584265860651E-002   2.5167545650672633E-002  0.16360886924689858       0.16914670765746351     
 -0.11684939916199770       -5.6857354236397359E-002   2.9225748639439230E-002  0.13319416353136021     
   4.2523789301632108E-002  0.14803031782747239       0.15053905711608798       0.21536772128170203     
   7.1917415217070416E-002 -0.17516658638637336        1.2602179436823522E-002  0.18977424093990525     
   7.2328959163037457E-002  0.10481680834194899        6.8930664795478006E-003  0.12753648893588326     
  0.24217237288833904        4.5562079941784323E-002  0.10770194625511026       0.26892948991534738     
 -0.17525825879548376       -6.6583396741672837E-002  -4.2408529385042963E-002  0.19221677700524953     
  0.12726667876263209       0.15496958361791230        6.9009691016226615E-004  0.20053143295684475     
   8.7362159954278526E-002  -8.9639761849365264E-003  0.15768168372079114       0.18048826344653179     
  0.15477482936148565        6.2724900048627907E-002   7.9806430811568269E-002  0.18509113238853178     
 -0.19532583525808569       0.11172464775445125        1.1247500525920714E-002  0.22530220838510578     
  -4.5150318847043062E-002  -4.7823159044753150E-002  0.15668871403745924       0.16993221866297775     
 -0.19013094848723117       0.13733550031029307        1.0152529909845401E-002  0.23476347902027472     
   2.7368831758721124E-002  0.13188996566349237       -8.0656380679767256E-002  0.15700148960730886     
  0.17538283442103930      -0.15390274187194669        1.3804298471499736E-002  0.23374291694413116     
 -0.15852232407374545        5.3390409723760447E-002 -0.13701258887094425       0.21622283086975572     
   6.2719534068027855E-002 -0.12685646346478749        3.3612256501021932E-002  0.14545131853508225     
  0.11867702181350312       -9.5252353431772310E-002   8.9139632167226333E-003  0.15243590482902328     
  0.16805381354406593       0.14042216909639210        2.2270100742878472E-002  0.22012820629700633     
 -0.11743474944816434        9.8703795036684652E-002  -8.8690577931429898E-002  0.17719869679658490     
  -1.2202002501623854E-002 -0.17244283626518581        1.3157858981957943E-002  0.17337401736483010     
  -5.1970271511472571E-002  -7.1875182817058125E-002 -0.21112602701871949       0.22900032818900232     
 -0.14855732307122638       -3.2759939221959467E-002   4.0954565794965418E-003  0.15218168293362297     
 -0.18162862555025633       -1.7033003605411962E-002   6.6130664091244122E-003  0.18254537375246926     
   7.0008379186985062E-002  0.10677284220782890       0.10334858791940389       0.16426364057350418     
 -0.20586684149210763        7.0844845594378425E-002  -8.5496039133757515E-002  0.23390109294483616     
 -0.15952325099288200        7.1637487648002374E-002   8.0365545011232224E-003  0.17505480128264192     
  -5.1719224465097670E-002  0.19131154589797514        7.5787968051072602E-002  0.21217634617094952     
  0.18692599933892953       -9.9414053618034043E-002   9.5465655358020693E-002  0.23224593567716789     
  -9.7131964256274989E-002 -0.12724254960050435      -0.15660257896362645       0.22394118122216367     
  0.11186721392929712        8.5173277434477335E-002   9.8077203323377993E-002  0.17142898982660079     
 -0.14185977715141651      -0.14720628688171802        8.4902352962932331E-002  0.22136462411504365     
 -0.13168365906843543        6.8354822769337756E-002 -0.10286743973406003       0.18053996238761097     
   6.4512281509122540E-002   9.3908343918708836E-002 -0.11624979876520224       0.16277170281107459     
  -1.2862663568357961E-002  0.14526758077766225        7.6045763524669935E-002  0.16447211401668493     
  -1.8532019710836310E-002  -8.2122104510946453E-002  0.12857285429288565       0.15368296803774073     
  -8.9453679327546790E-002  0.13513620664851628        8.3664407507544718E-003  0.16227677721541658     
  -1.4320014112382123E-002  0.12076944674783435      -0.21254610078230063       0.24487990327855963     
   7.9632774346319837E-002  0.18559235152034562        1.8878492311009791E-004  0.20195528052687955     
 -0.19525938059762291      -0.10726300659630525        3.6635722968776291E-002  0.22577367980544433     
   6.8130794271953746E-002 -0.10069787287052796      -0.13659930237761533       0.18286945108144084     
  0.11324304049734071       0.18451516865887396       -1.5748969533666633E-002  0.21706649609662798     
  -9.5350690138674560E-003  0.22616424673818528        4.6751365893549633E-002  0.23114254099291742     
  0.13132053508912189       -7.3441758238252886E-002  -3.1936652075628062E-002  0.15381392828680698     
 -0.10215365861364079      -0.17997361119498081        4.0289448861706899E-002  0.21082957663547705     
  0.12347131947539440        4.4894153316577430E-002 -0.14139987341787055       0.19301444489363245     
 -0.20508625901355029        4.6939931488034554E-002   1.0473353434242143E-002  0.21064999866231418     
  -3.6823260810951879E-002  0.19476448657358392        1.4257161287616692E-002  0.19872700977724253     
  0.18885260400119896        5.6145001413638006E-002  -8.1555724030097754E-002  0.21323438593211122     
  -6.7021199493198194E-002  -6.3532636318622437E-002  0.11064757216596222       0.14412190078306358     
   6.7449497531114525E-002  0.15148061709606234      -0.10065259465611812       0.19397617607328094     
  0.12872331233684231        3.1017353255967186E-002  0.16468006602837115       0.21130852204556824     
 -0.19015329628839867       -1.6381835212369772E-002 -0.19225715094331444       0.27090487759194953     
  -9.2922256406640924E-003 -0.21173214508038610       -2.0776586177752555E-002  0.21295190360947766     
  0.11525686569201446       0.13389213983187162        2.6408417305195418E-002  0.17862993786728434     
  0.16098371767419206       0.13002877957959866       0.12897306583980134       0.24383866097746182     
  -6.0997962453145455E-002   7.9273309183909950E-003 -0.15492531422117783       0.16668967270186749     
  0.11896868126761920        4.7746875892665519E-003   9.6551203948874856E-002  0.15329213857242871     
  -7.4880007502658011E-002 -0.14646166386903456        9.0948038580033683E-002  0.18796164563133477     
  0.21456036256034366       -1.4096542502148313E-003  0.13995032911410310       0.25617226806638738     
  0.18965015443131614        9.6365156526678708E-002 -0.12036644099229112       0.24442075318062509     
 -0.10556526345913414       -6.1759439032893174E-002   8.9991946840108736E-002  0.15184466949790174     
  0.17411682195909384        6.1631792284795428E-002  -9.0803131797353762E-002  0.20581631192298280     
 -0.10517572991653122       0.16276811839396182       -6.5232126911579050E-002  0.20447646541935885     
   4.6674010346137627E-002  0.10720239200130105       0.11849545452496482       0.16646918284075879     
   7.5906202340475584E-002   4.9400087135253234E-002  -5.0037229974087202E-002  0.10346905115155702     
  -2.7585598165344730E-002  0.18541776817745206       -7.1914859385980384E-002  0.20077963288778211     
  -1.5026224451142184E-002   7.5631915708481809E-002 -0.17639198132602735       0.19251001317103633     
  0.11469002460089966        7.1009358326216071E-003  -4.0979894903334868E-002  0.12199826563907518     
  0.10234141820717940        4.8843408676040506E-002 -0.20179715405687609       0.23147685810293453     
  -7.1145503360219978E-002 -0.15404235125468463       0.11638160323318358       0.20575569542439615     
 -0.11078337190300838        7.2397832961961464E-002  -3.8785015746472196E-002  0.13790822728989899     
   4.8974299216406461E-002 -0.21300280507071087        2.5572445616243996E-002  0.22005141882415830     
  -5.5678712520171168E-002  -3.2269343283811563E-002 -0.12046286209931788       0.13657500023441924     
  0.15244973414532434      -0.10626358796959853        4.0846885778902053E-002  0.19026649638595688     
 -0.15651051419784429       -6.2371225323915369E-002   7.4693811048478040E-002  0.18429562179234205     
  0.17231255704739579      -0.10792068476222401      -0.10737875104724497       0.22993191968977592     
  -7.4955915070697182E-002  0.12312499358143782        6.0723277610469237E-002  0.15641441651034851     
  0.15526954858816477       0.10308896621415321        4.3318580445168356E-003  0.18642621239512733     
   8.1210784518732732E-002  0.15664704817999486       0.12520652552972633       0.21635656509771012     
 -0.10615027152980411       0.11449895262519216        6.5110115779565630E-002  0.16916624212574322     
  0.11311014342290630       0.10066710130169576       0.19405766365401919       0.24614253320483390     
 -0.10418118470735566        7.0340297857514307E-003 -0.18440720873781949       0.21191794510264750     
 -0.17944494154487228        1.3698028484595719E-002   5.4686930072071288E-002  0.18809248616336335     
  -8.6666893011957041E-002  0.16693867135196472        9.4668521001955053E-002  0.21057492539664571     
   3.2987749686769693E-002 -0.18496388974931952       -1.1601367957087057E-002  0.18824033542009833     
   5.2104273764389739E-002 -0.13079991357316381      -0.12163366480187447       0.18605972468107213     
  -5.6529409966510694E-002  0.13714622457139808       0.12378318961265648       0.19320180934979120     
  0.10006892205371233       -1.4753817236695093E-002 -0.14010598232791768       0.17280379211150587     
 -0.12194047907951684       -9.7834675862984444E-002   6.1953175062087328E-002  0.16816450320930085     
 -0.11931711886769600       -7.0338244821007645E-002  0.13102372427895387       0.19066006362978913     
  0.10817380840779725       -5.1812959265840862E-002  0.11147924576129908       0.16374913071170372     
  0.15866063514293294       -7.6049196567589836E-002  -6.0921479754729849E-002  0.18619372744010676     
   5.4713991852998474E-002  -6.8980476305050067E-003  0.16026107458804817       0.16948396972492305     
  0.15590046526059748       0.15242535226120277       -1.1295838913910276E-002  0.21832553459728782     
   3.9722135336342626E-002  0.12063963625493762      -0.11315974295773758       0.17010848684784549     
  0.14941955247280092       -1.3832549375239821E-002  -5.5087210789843306E-002  0.15985037652753648     
   2.2438027715577694E-002  -1.1423571797855230E-002  0.15669004212879903       0.15870013353085310     
  0.12609963336248278        5.1840102384474306E-002   6.4444867511081610E-002  0.15080336434544894     
 -0.13627715469558294       -6.4602178353050321E-002  0.11602434207200343       0.19028019416934708     
  -6.1526704041698986E-002   2.1456695929797216E-002   9.7311808425488075E-002  0.11711324933370043     
  -1.2092470656383195E-002   9.8480278849894243E-002  -9.2589139606221241E-002  0.13571050785384581     
 -0.16219248475949202       -8.9767773689974406E-002 -0.14157219999717838       0.23325381694144595     
 -0.19667004795903603        6.7875724492931722E-002  0.12703762617833037       0.24377198404385012     
  0.15342608250784789        7.8358118835850851E-002   6.5776927856501882E-002  0.18440759696779774     
 -0.14747123436262025        7.9188977741687316E-002   8.8170356229355734E-002  0.18918951048570268     
   6.4689079198415253E-002   3.5839882817746208E-002 -0.12050544437924034       0.14138860029354136     
  0.18773368576662383        7.3610817005463930E-002  -5.2278749021470415E-002  0.20831600214813850     
  0.14993040203579863        3.0688896403895334E-002   4.0516019928755281E-002  0.15831134415439888     
  0.15900393468098856       -7.4043500764352177E-002  -7.6742018971081336E-002  0.19145241895895310     
 -0.16881918650840796        7.2484047829820056E-002  -6.2424059562012225E-002  0.19403767194892316     
 -0.18767570423518923        5.2071183443871308E-002  -8.3961137975474165E-002  0.21209208093551285     
   5.8314543221939130E-002 -0.14702248415994654       0.11047179303595432       0.19292541008463313     
  0.10976626724376021      -0.10024250389871356        6.4302478325518095E-002  0.16196296407301242     
 -0.21806603031650706       -2.4007994592576212E-002   6.2032643988615271E-004  0.21938450762815720     
 -0.11432713275192954       0.16659289131526059      -0.14169410413480837       0.24678149012156780     
 -0.16134396608352994        8.1227161882790250E-002   6.1560582126976571E-002  0.19083876045213799     
  -8.2534024632532191E-002 -0.19347395956291802        1.9226993705146623E-002  0.21121959080050984     
  -2.3032209584839501E-002   9.5229039913853324E-003  0.17710158356033856       0.17884669210910417     
 -0.12851996392008791       -5.7229314563919650E-002 -0.16518405736527475       0.21697545570670235     
  0.12462528169276564        8.5871989702964585E-002   3.2961742331240981E-002  0.15489330492328701     
  -4.4002511666285122E-003   8.5203609832824836E-002  -7.7700565993605968E-003   8.5670246401133507E-002
  -9.1190994665551126E-002  -3.4340420059317551E-003 -0.11454895176065227       0.14645495041839765     
  -3.8718571560532863E-002 -0.10371393378507499       0.11695779486229191       0.16104295583450082     
 -0.11755833434724004      -0.13134936526471841        5.5819756082045632E-002  0.18490122470930515     
   6.7503051177440557E-002   6.0218001211756814E-002 -0.23056715963335020       0.24767738025422123     
 -0.12907527503657371        5.5140245943165106E-002   4.3314742156288201E-002  0.14689125309733597     
   2.3023637972422857E-002  0.19170718896520639      -0.11810613598473869       0.22634220455688800     
 -0.16387303754669660       -8.9693268188836814E-002   9.3981751087365686E-002  0.20912155395994741     
  -5.1737313958299336E-002  0.14925249756992801       0.10441855682148440       0.18935757892189731     
  -9.5728551412157359E-002 -0.12328074692714902       -6.3991107204687078E-002  0.16869190828154021     
  0.17288146477339844        8.3448312448552567E-002   1.3294369266225452E-002  0.19242754991656943     
  -9.8394225426477397E-002   2.7718386355215060E-002   8.6111128707084983E-002  0.13365948910055572     
   3.5525810134400128E-002  0.13950665598917117      -0.18339345456462164       0.23314662645668355     
 -0.13133446279108887       0.14072372288566543        4.2723050019291227E-002  0.19717293501486538     
   5.7811237029787577E-002   9.3187129062475768E-002   3.6881172320609369E-002  0.11569875116682669     
 -0.11625317138190523        4.2315747242275999E-003  -9.7205617271501579E-002  0.15159695943563972     
 -0.10810869535606908      -0.10212915987800457      -0.13004682406902887       0.19756019781175385     
  0.18902657352443092       -7.7176254319794649E-002  0.15835429323367248       0.25838595533572767     
 -0.11502647395392084       -4.9669787121146933E-002 -0.10389639141094313       0.16276559099253127     
  0.20000472604206931      -0.12063897623390628       -2.1689736727150837E-002  0.23457642188681563     
 -0.11044367882415669      -0.11101393240699152      -0.14762059846966172       0.21520627424222244     
  -8.7183643319150739E-002 -0.11710443655865592      -0.11376754727826803       0.18508779413519985     
   1.0074044670985487E-002  0.19507299838177067        4.3843798124882545E-003  0.19538214826341596     
  0.12689410898226988      -0.11008826272168810        4.3539827447784639E-002  0.17354324261597301     
  -2.9065179585593529E-002  0.17472272009209730       0.12186815987569842       0.21499921388743023     
 -0.13780413416468068        4.6516024344137957E-002  0.17202328248088064       0.22526812830304824     
  -6.8591717796550988E-002   4.2840079667010832E-002  0.16217466989955276       0.18122008645066481     
  -2.4033029420131368E-002  -3.8230238951526385E-002 -0.16561063423066211       0.17165669181153950     
   3.9743678590417011E-002   4.8560762625830360E-002  -4.3152568724515207E-002   7.6156758348977949E-002
  -8.2482812420373294E-002   8.7278819022157339E-002  0.11591664872911886       0.16690618936176968     
  0.10254539051140545       -4.6700903594167759E-002  0.15385575522077058       0.19070428659629565     
  -1.7393490692078385E-002   2.9461327961045568E-002 -0.14413431231478294       0.14813913510662566     
  0.13882306942237504       -6.9451818220906070E-002  -1.4758511216090887E-002  0.15592694863735013     
 -0.14620245015174205       -4.5858300507853680E-004  -9.6923842608784325E-002  0.17541265061219946     
  -2.1982033173489506E-002  0.10705405109229646       -3.4791057646998552E-002  0.11469174917974348     
  -1.9504103753509357E-002   1.4849295728701976E-002  0.23011942864750681       0.23142139721279251     
   1.0131793768051969E-002  0.20728263145393355       -6.4912824955040346E-002  0.21744520549110596     
  -5.0073764401451268E-002  0.13395509911892139       0.13746418315806272       0.19836267822502679     
  -3.0502276402293839E-002   7.4012257577070542E-002 -0.15567735057806414       0.17505325081352260     
  -4.1337789815410322E-002   2.1047106178491325E-002 -0.20383103658424753       0.20904278275109281     
   4.7821122869650359E-002  0.12275633639891048       -3.4343957913457506E-004  0.13174253629462726     
  -3.2217727031751450E-002  0.20858014488018431        9.4964854258439105E-002  0.23143461780307997     
  0.15385817982722333        3.6067095308214198E-002  0.14994418826868378       0.21784497804464642     
   4.5841068163030262E-003  0.11442133971358473       -8.5836974788069148E-002  0.14311269425848450     
 -0.13129386133139798      -0.10979943493495760       0.19065492226508937       0.25620947156428786     
   1.8349505256566714E-002   5.1218305912814073E-002 -0.13310202097372714       0.14379209710908966     
 -0.11821715787232623      -0.15150331832145683       0.20248990449991353       0.27916073022939181     
  -4.0232135009010087E-002  -2.9235168327499915E-002 -0.19082050335052303       0.19719478759203410     
   3.7260373706962072E-002 -0.19834737006744416       0.12591664987691545       0.23787605465384662     
  0.12723866401939860      -0.15616172233197198       -9.8541564663877021E-002  0.22424674158064006     
  -8.4577408088779990E-002  0.15947307013646178       -4.2401683323552403E-002  0.18542626784367880     
  0.17602068077979710        6.0251051842890792E-002  -1.7987953569636398E-003  0.18605565021007608     
  -6.6088063309772252E-002   3.8415568095908854E-002  -9.4308606704015752E-002  0.12139811070449408     
   3.8510393222253900E-002  0.17283550694793881        2.0898770944944724E-002  0.17830289250343889     
  -8.2938056668890731E-002 -0.12390981641607234       -4.9865192849128756E-002  0.15722245802097640     
  0.14045913531407750        9.8736445223764013E-002   9.6754197167526992E-002  0.19707620094302705     
   2.1623297840432754E-002  -1.6787660714896624E-002 -0.20511931016102924       0.20693797129263411     
  -3.2547062398649497E-002 -0.11035914156354634      -0.15099314628453270       0.18983514327522905     
  -7.6824170043495260E-002 -0.13899917415016572       -3.4708385531090624E-002  0.16256505019060769     
  -2.2529309501570133E-002  0.13203646148470466       -7.6027713406558020E-002  0.15401756443292158     
  0.19150000193939035       -2.8495252999730224E-002  -4.1512694997468458E-002  0.19800892412277279     
   3.2780460114908538E-002  0.17645985133837819        6.8129390785503688E-002  0.19197461183320963     
   8.4120477028460913E-002 -0.16980339535034686      -0.10649421193687250       0.21737172057113946     
 -0.16734610085480658        2.7548621026692664E-002  -1.2220643046204384E-003  0.16960288155849257     
   8.8496561522506983E-002 -0.12917631208098598       0.12806588420453288       0.20228453154218187     
 -0.17345425276376514       -7.5251878307545164E-003 -0.10386027877096304       0.20231155122757183     
  -7.9178191732129907E-002  -4.7038650027599632E-002  -6.2784006449603004E-003   9.2310557126731516E-002
  0.19851331449969620      -0.18366658649487028       -3.0481554726357225E-002  0.27215818232577332     
  0.21062858419973596       -1.1721617625798111E-002  -5.0301856551781154E-002  0.21686879345426038     
  0.17612769055012575      -0.10681809038432265        1.4717614540380345E-002  0.20651313757151965     
  -8.3375515125131180E-002  0.14578239572903925       -1.2366166877151256E-003  0.16794496910509560     
   6.8104783580540340E-002  0.22491156031125428        7.6768601257989101E-003  0.23512210804087796     
  -7.8338592529855533E-002 -0.16144367656645114        5.7584925792447839E-002  0.18845959636318163     
  0.10025562333060481       0.10563270805474206       0.18680713133212806       0.23686781828041864     
  -3.1467459285398396E-002  0.15818315442916284       -1.2310120163322186E-002  0.16175181729264748     
 -0.14949723447447055      -0.15117112814967712        1.0784834517078380E-002  0.21288129499117975     
  0.17836240576697382       0.10607547125645825       -1.5428541534555189E-002  0.20809419330472873     
   3.2651819580850991E-002   4.5840211056298152E-002   9.9927747377656723E-002  0.11468662070005892     
  -2.8616092431167403E-002  -2.6891435025261042E-002   7.9717582852471394E-002   8.8864633232729848E-002
   2.2831409736322413E-002 -0.13225090023944766      -0.11082920963676174       0.17405369169713539     
   3.5333271452952876E-002 -0.18336695212723830        4.7364227619209352E-002  0.19265318388743341     
 -0.15882852082041049       -6.1302147787903688E-002   7.0626047102851697E-002  0.18431627947304000     
 -0.13761378200066704        7.6273608146694566E-002  0.11041441339769079       0.19221487710944432     
   6.0049050474764609E-002  -6.3754686574427719E-002 -0.17819286809070889       0.19855288152408446     
  0.11853229418778544       -4.9584523790103800E-002   1.3386298619679184E-002  0.12918096901496873     
  -2.8157367674231146E-002 -0.15709025323232698        5.8635704369476016E-002  0.17002450071046538     
 -0.12397842757046770      -0.12300464013279125       -4.3813664984904549E-002  0.18005673893651589     
  0.12955108897759465       -8.6561239539880205E-003 -0.16452537848237167       0.20958772221185834     
   5.8523798330114583E-002  -6.7294739054653441E-002  0.12295380374941511       0.15189224710915139     
  -9.4078680116932600E-002  -2.7833236784430102E-002 -0.17756482497149698       0.20286634563081338     
  -7.5697114591236431E-002  -2.0863145028481425E-002   9.7914501406900431E-002  0.12550925688442321     
  -5.5001260669005105E-003 -0.15064282604264356       -1.4899912303432652E-002  0.15147778652830901     
   9.6299134038971126E-002  0.19261904350223014       -2.8725333637163928E-002  0.21725736795086176     
  -3.9634521074502035E-002  -6.1084578673669130E-003 -0.20934172503664986       0.21314822626436011     
 -0.11533686988963593       0.12482618571597219       0.11916585702991325       0.20756847467284359     
 -0.13033182762897561        9.1481643601803983E-002  -2.0659126550894927E-002  0.16056797912112608     
 -0.16813082233861251       -3.7672001409231409E-002  -3.0492103244335749E-002  0.17497691696534845     
 -0.13202845937260088      -0.12077673863568193        1.5818036710635985E-002  0.17963503267779751     
  -6.2810787137042287E-002  0.10984657735143807        9.4294200327928512E-002  0.15780640592854214     
   6.6856422535893661E-002  0.11495767075571205      -0.11173787560051573       0.17369628707486229     
   6.0262960910933819E-002  -5.7286920256099425E-002  0.16360171855724262       0.18351822254224417     
 -0.16189512790413277        2.6788926519991818E-002 -0.14495776701056495       0.21895303889162684     
  0.17969379294868298       -9.7395370629642895E-003  -3.6802259867185744E-002  0.18368212797606867     
 -0.22726023598431708        7.2398685142154001E-002  -2.5381032200170140E-003  0.23852720272102237     
  -3.8479492579294672E-002 -0.13640783413902957       0.15798878559874896       0.21224567118937540     
 -0.14407126068730525       -1.0239575235842180E-002 -0.12733385208307899       0.19254944025718532     
  0.15394881428006757      -0.13687103545652438       -1.9933012713447568E-002  0.20695710367371872     
   1.0329147051212812E-002  -9.4600883413465439E-002 -0.10868071239196647       0.14445592984519187     
   1.7089371365130349E-002  -8.7763225005224987E-002 -0.11675572229709093       0.14705893024936806     
  0.21602953847398843       -6.8083750406176133E-002  -3.1702902573989625E-002  0.22871211728780530     
   9.9885734941499563E-002   5.2225217316315839E-002 -0.15207667556804100       0.18929328730931566     
   9.9352588070151127E-002 -0.13764933334340576      -0.10523466865417237       0.19973134759690234     
   9.8640558257733060E-002   2.4896249279541920E-003 -0.17155782596311320       0.19790969055321408     
   3.8556154251231323E-002   7.4756127838936301E-002  0.14457374702387560       0.16726214158810626     
  0.16474459234100955        8.2780795575165406E-002   8.2894415905935964E-003  0.18455935539426499     
 -0.11437656539448597       0.11970984170183627      -0.15101550513939274       0.22409401532442533     
  0.13659241873515904      -0.16460290147046638        1.9822187587991747E-002  0.21481276300348318     
   1.9130170160364082E-002   6.5784311181092042E-002  -9.3669332323609869E-002  0.11604948438440431     
 -0.16257227856663362        7.6016343157647145E-002  -5.1457326786376566E-002  0.18669784858269856     
   6.3693767632873460E-002  0.18670528190727720       -6.5152546075765649E-002  0.20775132391275172     
   1.6119036957328716E-002  -6.8222032890303860E-002 -0.15113060360625244       0.16659690414442771     
 -0.17484002956100594       -3.5588097873786844E-003   4.3428779297519704E-002  0.18018812373535847     
 -0.14125311593958667        4.0632303507270359E-002   7.9735638681470780E-002  0.16721602473115821     
  -1.8240824628524055E-002  -7.1046195766682974E-002 -0.20707246510785127       0.21967998411755379     
  0.10807934000567361      -0.14650336128775657       0.11077770257549380       0.21311048306589120     
 -0.18979519545960419       -2.0784154205323993E-002  -1.4216408352045441E-002  0.19145835983840495     
   2.8799900513653959E-002  -8.0184183053055025E-002 -0.14081471883760543       0.16458348192572689     
  -4.7718006970135021E-002   2.3934566901828769E-002 -0.19580731899529338       0.20295412746259819     
   8.9242584201796413E-002   9.6366505169269284E-003  0.11332518772530907       0.14456729243219799     
   5.4533962736578262E-002  0.18706774441041210        3.4030585180621298E-002  0.19780387968462423     
  -9.4031097420746820E-002  0.11006364773955542       0.13343103523838631       0.19687482063655171     
 -0.14012254875679750        9.9562395728773623E-002  0.11848450813725339       0.20877159285180749     
   4.4910625197613289E-002   2.7789130078503685E-002  0.17973017670394828       0.18732895244513853     
  0.10284950120517349       -1.6512554381757628E-002  -8.4188318306729612E-002  0.13393415281278598     
 -0.13454563434859498       -4.2980518185909311E-002 -0.13555903687880330       0.19577054207746339     
   1.3303826189874558E-002  0.13783335859541870       -4.5595029379120286E-002  0.14578728763875992     
 -0.13696351043368321      -0.11724939991429445        5.0229538204234592E-002  0.18716151174531173     
  0.11890271107172734        7.6198804548386165E-002  -3.9452592884395482E-002  0.14663089578977440     
   9.3061736252809099E-002   1.0778241287254438E-002   4.2484376561962314E-002  0.10286680461398756     
   3.1783968495731729E-002   8.7442998423121365E-002  0.16780471841826425       0.19187215053257892     
   5.4742440489296502E-002 -0.10269201435286597      -0.13385457214026583       0.17736806670149796     
   8.4913889593156891E-002  0.17090285750258363       -7.8330502241822104E-003  0.19099610473567727     
   2.0777616676549142E-002   8.9788610227058932E-002   7.0449996940980364E-002  0.11600390489224260     
  0.17548712145431242       -7.6133884593226855E-002   7.9413049550249998E-002  0.20711960462120876     
 -0.12885859989239823       -7.3753137125152385E-002  0.12322276793505861       0.19294536672231341     
  -5.7648643563232183E-002 -0.15828681329778999       0.13229469392000498       0.21419609568812831     
  -6.1609808359086297E-002  0.11311726489580323       0.13507298214967739       0.18664403181017528     
   1.6405859827044483E-002 -0.17271788644991876      -0.13190277822012256       0.21794256912906781     
   3.6728641834704645E-002 -0.15940228727026887       -1.5809321172566455E-002  0.16434116025497902     
   7.4694304017237173E-002   1.7234863242322509E-002 -0.20892441303309384       0.22254368093662827     
  0.13714287358239566      -0.11079462745735554        9.8375533179628244E-002  0.20189443473317262     
  0.15782947214060414       0.10276040908499788       -7.0932983589009915E-002  0.20124942760747572     
   1.4181966369519511E-002  0.15705521481623752        1.8054831472076881E-002  0.15872443293508973     
 -0.10280207159917203       -3.8926839244318591E-002  0.15689559013307558       0.19157189496854793     
  -5.8451258130283075E-002  0.11097567906502943       -9.5247674175185801E-002  0.15749371529283240     
  0.18166318109572077       0.11476342984925163        5.5856727663043046E-002  0.22201831055524249     
  0.19186052112647059        8.6943746131744673E-002  -2.8670463265452358E-002  0.21258332489214149     
 -0.15616523624236653       -9.3967157978705113E-002  -1.0487142923166191E-002  0.18255790302235614     
 -0.16507549416284906       0.10000702599600494       -6.1787810923370309E-002  0.20265502115757356     
  -2.8919826928503329E-002 -0.14271387768833227      -0.13718552673083317       0.20005868143829950     
 -0.10822892503102050        7.9957482800680019E-002   4.1346873370642100E-002  0.14077024972173349     
 -0.22591067100720166       -5.3643067115869990E-002   8.5250828323768790E-002  0.24734775853928925     
  -7.6449342702688772E-002   1.1110804202218286E-002  0.14448165242821870       0.16383802934020469     
   6.5023708677352451E-002   1.2805945432727932E-002 -0.19902555734129471       0.20976951018581369     
   2.2425049937508691E-002   5.2678606628715943E-002  0.16532332931217669       0.17495634219971901     
  0.13487755274477981        5.3364802486610886E-002  -8.5055104546113647E-002  0.16814912187759462     
  -9.2565485905611346E-003   3.7350909160271152E-002 -0.19090559770308049       0.19474527296260274     
  -5.3160014614208134E-002 -0.18191029007717044      -0.14601997866927002       0.23924710021297477     
  -5.0304913462555861E-002  -7.8957195014556864E-002 -0.14755077179993167       0.17474568155407305     
  -3.2539069788669203E-002  -5.3781653524719662E-002  0.15481260696638519       0.16708740405636008     
  0.17173555697711643       0.10081903722079050       -9.8196712657213275E-002  0.22203642532938342     
 -0.13037886404424731       0.16283822299460091       -8.5089603651408344E-002  0.22528909362652572     
   5.0685978682499536E-002  0.15977030639748360        2.4298363917356663E-002  0.16936950649514476     
 -0.14734503850438641        4.4263004516939916E-002   9.3698960344657967E-002  0.18013680665093279     
   3.9531483362173561E-002   6.5639438006458398E-002 -0.16541141654250008       0.18229703980376086     
   3.4012969330249151E-002  -1.5396239125602808E-002 -0.19378362729695425       0.19734746127132746     
  -9.6559435275440614E-002  -8.6035239016190798E-002   7.1002803854792435E-002  0.14753706330453786     
  0.16180770848102022       -1.2300004351397255E-002  0.13021674777545836       0.20806111129218877     
   9.2617309199480205E-002  0.16391436537986315        2.6658513029296234E-002  0.19014878768524543     
